0 1993425.7309
1 115895.6948
2 16237.5322
3 2993.0163
4 -17.8219
5 -825.3024
6 -1058.3566
7 -2288.0211
8 -2913.8805
9 -3262.2633
10 -3577.6561
11 -3766.8797
12 -3879.8925
13 -3997.5259
14 -4070.3004
15 -4117.9679
16 -4202.2520
17 -4266.7515
18 -4406.7542
19 -4518.8191
20 -4628.6528
21 -4717.5892
22 -4788.7496
23 -4845.1879
24 -4878.4968
25 -4904.8319
26 -4959.9772
27 -5006.0227
28 -5031.8768
29 -5053.0290
30 -5094.1454
31 -5128.9392
32 -5150.4252
33 -5168.0194
34 -5201.6619
35 -5230.0632
36 -5248.7991
37 -5263.6088
38 -5292.3134
39 -5314.8174
40 -5330.2788
41 -5340.1071
42 -5345.4064
43 -5346.8475
44 -5344.6889
45 -5347.1623
46 -5347.1705
47 -5347.1780
48 -5347.1844
49 -5367.3136
50 -5375.2232
51 -5373.0058
52 -5375.6969
53 -5375.6654
54 -5375.6950
55 -5375.6978
56 -5389.7491
57 -5395.9182
58 -5393.7500
59 -5396.4028
60 -5396.3739
61 -5396.3997
62 -5396.4041
63 -5427.6807
64 -5452.8486
65 -5466.1966
66 -5469.3448
67 -5464.8202
68 -5469.7947
69 -5469.7960
70 -5469.7958
71 -5469.7960
72 -5494.9287
73 -5515.0141
74 -5527.9904
75 -5532.8187
76 -5529.9476
77 -5533.0316
78 -5533.0055
79 -5533.0323
80 -5533.0311
81 -5548.2356
82 -5559.2385
83 -5565.4039
84 -5578.2052
85 -5584.5029
86 -5586.2329
87 -5584.4383
88 -5586.2056
89 -5586.2296
90 -5586.2303
91 -5599.6285
92 -5603.1772
93 -5596.0625
94 -5603.7422
95 -5603.7435
96 -5603.7425
97 -5603.7436
98 -5628.0794
99 -5645.0004
100 -5654.3491
101 -5655.8764
102 -5649.2590
103 -5656.6375
104 -5656.6340
105 -5656.6377
106 -5682.9487
107 -5698.0871
108 -5702.9264
109 -5698.2406
110 -5703.2215
111 -5703.2304
112 -5703.2372
113 -5703.2436
114 -5703.2483
115 -5703.2521
116 -5703.2552
117 -5703.2578
118 -5703.2592
119 -5726.7422
120 -5734.0694
121 -5725.4793
122 -5734.4455
123 -5734.4606
124 -5734.4691
125 -5734.4759
126 -5734.4809
127 -5734.4845
128 -5734.4867
129 -5734.4886
130 -5734.4899
131 -5734.4913
132 -5753.6784
133 -5765.1443
134 -5768.8790
135 -5765.0079
136 -5768.9581
137 -5768.9741
138 -5768.9805
139 -5768.9845
140 -5768.9872
141 -5768.9896
142 -5768.9916
143 -5768.9933
144 -5768.9944
145 -5768.9953
146 -5786.1408
147 -5797.8729
148 -5803.7976
149 -5803.5017
150 -5804.4873
151 -5804.4777
152 -5804.4871
153 -5804.4874
154 -5824.2369
155 -5833.8431
156 -5832.6596
157 -5834.7304
158 -5834.7128
159 -5834.7303
160 -5834.7306
161 -5852.8043
162 -5860.8726
163 -5858.0795
164 -5861.2725
165 -5861.2492
166 -5861.2736
167 -5876.6610
168 -5883.0744
169 -5879.5310
170 -5883.2221
171 -5883.1919
172 -5883.2227
173 -5897.1015
174 -5901.9332
175 -5897.1214
176 -5901.9286
177 -5901.9615
178 -5901.9622
179 -5901.9628
180 -5901.9633
181 -5901.9638
182 -5901.9636
183 -5901.9638
184 -5913.8412
185 -5917.3743
186 -5912.1141
187 -5917.4260
188 -5917.4271
189 -5917.4267
190 -5917.4269
191 -5917.4271
192 -5928.3620
193 -5931.7797
194 -5926.9668
195 -5931.8020
196 -5931.8062
197 -5931.8067
198 -5941.7819
199 -5944.5864
200 -5939.8406
201 -5944.6529
202 -5944.6530
203 -5954.0128
204 -5955.0881
205 -5947.2595
206 -5955.7240
207 -5955.7198
208 -5955.7242
209 -5965.3829
210 -5963.1409
211 -5966.0116
212 -5965.9877
213 -5966.0120
214 -5981.1461
215 -5977.7417
216 -5982.0624
217 -5982.0195
218 -5982.0622
219 -5982.0626
220 -5995.6749
221 -5983.8029
222 -5995.6990
223 -5995.7446
224 -5995.7472
225 -5995.7479
226 -5995.7483
227 -5995.7486
228 -5995.7486
229 -6005.3800
230 -5998.2273
231 -6005.4599
232 -6005.4650
233 -6005.4655
234 -6014.0261
235 -6001.9495
236 -6014.1550
237 -6014.1577
238 -6014.1586
239 -6021.6599
240 -6018.7547
241 -6021.9327
242 -6021.9044
243 -6021.9323
244 -6021.9328
245 -6028.8984
246 -6029.8608
247 -6024.5215
248 -6030.2345
249 -6030.2321
250 -6030.2345
251 -6036.6982
252 -6037.4120
253 -6032.1289
254 -6037.8539
255 -6037.8517
256 -6037.8540
257 -6044.6687
258 -6044.2073
259 -6045.3982
260 -6045.3886
261 -6045.3984
262 -6051.8585
263 -6051.8247
264 -6052.6897
265 -6052.6811
266 -6052.6894
267 -6052.6897
268 -6058.4227
269 -6059.3828
270 -6054.8769
271 -6059.6349
272 -6059.6344
273 -6059.6359
274 -6059.6358
275 -6059.6359
276 -6065.1880
277 -6064.9951
278 -6065.8456
279 -6065.8394
280 -6065.8456
281 -6070.8955
282 -6071.7634
283 -6067.9173
284 -6071.9786
285 -6071.9774
286 -6071.9781
287 -6071.9786
288 -6076.3776
289 -6077.6957
290 -6075.5525
291 -6077.7137
292 -6077.7135
293 -6077.7136
294 -6077.7137
295 -6081.6449
296 -6082.5457
297 -6080.2549
298 -6082.6178
299 -6082.6175
300 -6082.6179
301 -6086.5020
302 -6087.1766
303 -6084.5509
304 -6087.3257
305 -6087.3238
306 -6087.3254
307 -6087.3257
308 -6091.4081
309 -6091.6691
310 -6087.9100
311 -6092.0556
312 -6092.0525
313 -6092.0552
314 -6092.0556
315 -6096.4258
316 -6095.3848
317 -6096.7038
318 -6096.6914
319 -6096.7039
320 -6096.7039
321 -6100.6155
322 -6099.6355
323 -6100.8457
324 -6100.8361
325 -6100.8458
326 -6100.8456
327 -6100.8458
328 -6104.6493
329 -6104.1607
330 -6104.9795
331 -6104.9715
332 -6104.9794
333 -6104.9795
334 -6113.0888
335 -6091.4538
336 -6114.0138
337 -6114.0119
338 -6114.0156
339 -6114.0154
340 -6121.3364
341 -6115.1381
342 -6121.3318
343 -6121.3560
344 -6121.3563
345 -6126.8847
346 -6123.5206
347 -6126.9567
348 -6126.9197
349 -6126.9559
350 -6126.9568
351 -6126.9568
352 -6126.9566
353 -6126.9568
354 -6131.5582
355 -6130.3061
356 -6131.8031
357 -6136.2582
358 -6135.3416
359 -6136.5536
360 -6136.5424
361 -6136.5538
362 -6136.5535
363 -6136.5538
364 -6140.7517
365 -6138.8083
366 -6140.8698
367 -6140.8492
368 -6140.8697
369 -6140.8698
370 -6140.8698
371 -6144.6822
372 -6143.7953
373 -6144.9275
374 -6144.9197
375 -6144.9276
376 -6144.9277
377 -6148.7988
378 -6148.6717
379 -6149.2449
380 -6149.2384
381 -6149.2448
382 -6149.2449
383 -6153.1955
384 -6153.4585
385 -6149.8621
386 -6153.8124
387 -6153.8100
388 -6153.8127
389 -6157.7636
390 -6157.0450
391 -6158.0651
392 -6158.0567
393 -6158.0656
394 -6158.0657
395 -6158.0655
396 -6158.0657
397 -6161.9494
398 -6160.1699
399 -6162.0628
400 -6162.0485
401 -6162.0634
402 -6162.0634
403 -6162.0632
404 -6162.0634
405 -6165.5475
406 -6165.0096
407 -6165.8382
408 -6165.8310
409 -6165.8383
410 -6165.8384
411 -6165.8383
412 -6165.8384
413 -6169.1672
414 -6169.3748
415 -6166.1706
416 -6169.6865
417 -6169.6859
418 -6169.6876
419 -6169.6877
420 -6169.6872
421 -6169.6877
422 -6172.8589
423 -6172.7130
424 -6173.2225
425 -6173.2189
426 -6173.2224
427 -6176.2812
428 -6174.7337
429 -6176.3539
430 -6176.3403
431 -6176.3538
432 -6179.3496
433 -6177.0951
434 -6179.3679
435 -6179.3670
436 -6182.1830
437 -6181.4363
438 -6182.3507
439 -6182.3409
440 -6182.3505
441 -6184.9645
442 -6184.6703
443 -6185.2107
444 -6185.2080
445 -6185.2112
446 -6185.2113
447 -6185.2113
448 -6185.2113
449 -6187.6581
450 -6186.8563
451 -6187.7783
452 -6187.7703
453 -6187.7779
454 -6190.0031
455 -6187.9069
456 -6189.9971
457 -6190.0061
458 -6192.1749
459 -6190.1142
460 -6192.1626
461 -6192.1766
462 -6192.1764
463 -6192.1767
464 -6192.1767
465 -6192.1767
466 -6194.3844
467 -6192.0572
468 -6194.3684
469 -6194.3880
470 -6194.3881
471 -6194.3879
472 -6194.3881
473 -6196.4262
474 -6193.2801
475 -6196.4533
476 -6196.4530
477 -6196.4532
478 -6196.4533
479 -6198.4495
480 -6195.6719
481 -6198.4536
482 -6198.4575
483 -6198.4575
484 -6200.3201
485 -6198.0650
486 -6200.3109
487 -6200.3222
488 -6200.3221
489 -6200.3221
490 -6200.3222
491 -6202.0792
492 -6200.1820
493 -6202.0672
494 -6202.0800
495 -6202.0799
496 -6202.0800
497 -6208.6591
498 -6196.4760
499 -6208.9486
500 -6208.9477
501 -6208.9487
502 -6208.9487
503 -6213.0253
504 -6193.4181
505 -6214.3241
506 -6214.3139
507 -6214.3243
508 -6216.9134
509 -6202.3504
510 -6217.9885
511 -6217.9825
512 -6217.9895
513 -6221.3292
514 -6216.4290
515 -6221.3678
516 -6221.3675
517 -6224.5911
518 -6222.1577
519 -6224.6085
520 -6224.6105
521 -6224.6104
522 -6227.8920
523 -6226.0630
524 -6227.9495
525 -6227.9325
526 -6227.9495
527 -6230.7746
528 -6227.5131
529 -6230.7670
530 -6230.7805
531 -6230.7808
532 -6230.7807
533 -6230.7808
534 -6230.7808
535 -6233.3488
536 -6230.8258
537 -6233.3304
538 -6233.3502
539 -6233.3503
540 -6235.6837
541 -6233.8285
542 -6235.6885
543 -6235.6920
544 -6237.7732
545 -6236.0989
546 -6237.7772
547 -6237.7799
548 -6237.7804
549 -6237.7799
550 -6237.7804
551 -6239.7649
552 -6238.2676
553 -6239.7734
554 -6239.7755
555 -6241.5386
556 -6240.9424
557 -6241.6113
558 -6241.6055
559 -6241.6113
560 -6241.6114
561 -6241.6115
562 -6241.6114
563 -6241.6115
564 -6243.2959
565 -6243.4936
566 -6242.1222
567 -6243.5937
568 -6243.5935
569 -6243.5940
570 -6243.5940
571 -6243.5940
572 -6245.0865
573 -6245.1359
574 -6243.6423
575 -6245.2974
576 -6245.2960
577 -6245.2977
578 -6245.2977
579 -6246.7168
580 -6246.4024
581 -6246.8124
582 -6246.8085
583 -6246.8126
584 -6246.8126
585 -6246.8126
586 -6248.1719
587 -6246.3845
588 -6248.1764
589 -6248.1781
590 -6248.1785
591 -6248.1784
592 -6248.1785
593 -6249.4953
594 -6247.1548
595 -6249.5275
596 -6249.5269
597 -6249.5276
598 -6250.7120
599 -6248.1106
600 -6250.7730
601 -6250.7731
602 -6250.7730
603 -6250.7731
604 -6251.9983
605 -6249.5800
606 -6252.0429
607 -6252.0426
608 -6252.0432
609 -6253.3475
610 -6250.5956
611 -6253.4016
612 -6253.4013
613 -6253.4017
614 -6254.5320
615 -6251.9275
616 -6254.5950
617 -6254.5953
618 -6254.5954
619 -6254.5954
620 -6254.5954
621 -6255.7580
622 -6254.1627
623 -6255.7630
624 -6255.7634
625 -6255.7638
626 -6255.7638
627 -6255.7638
628 -6255.7638
629 -6255.7635
630 -6255.7638
631 -6256.9851
632 -6256.1505
633 -6256.9965
634 -6256.9890
635 -6256.9966
636 -6256.9966
637 -6256.9967
638 -6256.9966
639 -6256.9967
640 -6258.2326
641 -6257.9559
642 -6258.3142
643 -6258.3113
644 -6258.3149
645 -6258.3148
646 -6258.3149
647 -6259.5048
648 -6259.5874
649 -6258.3859
650 -6259.6936
651 -6259.6942
652 -6259.6937
653 -6259.6942
654 -6260.7102
655 -6260.7503
656 -6259.5906
657 -6260.8640
658 -6260.8647
659 -6260.8645
660 -6260.8647
661 -6261.7071
662 -6261.3096
663 -6261.7353
664 -6261.7317
665 -6261.7352
666 -6261.7353
667 -6262.4649
668 -6261.2916
669 -6262.4721
670 -6262.4721
671 -6262.4721
672 -6263.1344
673 -6261.8433
674 -6263.1535
675 -6263.1530
676 -6263.1535
677 -6263.1535
678 -6263.1535
679 -6263.1535
680 -6263.8034
681 -6262.6891
682 -6263.8160
683 -6263.8152
684 -6263.8160
685 -6263.8160
686 -6264.4722
687 -6263.3570
688 -6264.4858
689 -6264.4858
690 -6265.0979
691 -6263.9227
692 -6265.1192
693 -6265.1185
694 -6265.1193
695 -6265.1191
696 -6265.1193
697 -6265.7480
698 -6264.8186
699 -6265.7525
700 -6265.7525
701 -6265.7524
702 -6265.7526
703 -6265.7525
704 -6265.7526
705 -6266.3655
706 -6265.4789
707 -6266.3691
708 -6266.3686
709 -6266.3686
710 -6266.3691
711 -6265.4319
712 -6269.1487
713 -6269.1122
714 -6269.1485
715 -6269.1487
716 -6269.1487
717 -6268.4839
718 -6271.3354
719 -6272.5727
720 -6267.5348
721 -6272.8787
722 -6272.8764
723 -6272.8791
724 -6272.8788
725 -6272.8791
726 -6273.2369
727 -6264.5309
728 -6274.2232
729 -6274.2133
730 -6274.2230
731 -6274.2233
732 -6274.2230
733 -6274.2233
734 -6274.9924
735 -6268.9764
736 -6275.5027
737 -6275.4987
738 -6275.5025
739 -6276.8966
740 -6274.5951
741 -6276.9201
742 -6276.9205
743 -6276.9205
744 -6276.9204
745 -6276.9205
746 -6278.2203
747 -6276.5331
748 -6278.2224
749 -6278.2266
750 -6279.1982
751 -6276.4775
752 -6279.3001
753 -6279.2995
754 -6279.3002
755 -6280.2082
756 -6278.0057
757 -6280.2760
758 -6280.2756
759 -6280.2761
760 -6281.2683
761 -6280.1199
762 -6281.2637
763 -6281.2689
764 -6282.2120
765 -6281.1497
766 -6282.2062
767 -6282.2121
768 -6282.2122
769 -6282.2122
770 -6282.2122
771 -6282.2122
772 -6283.1391
773 -6281.9851
774 -6283.1379
775 -6283.1433
776 -6283.1435
777 -6283.1428
778 -6283.1434
779 -6283.1435
780 -6284.0658
781 -6282.6193
782 -6284.0800
783 -6284.0799
784 -6285.0413
785 -6284.2574
786 -6285.0431
787 -6285.0451
788 -6285.0448
789 -6285.0451
790 -6285.9792
791 -6285.3611
792 -6285.9958
793 -6285.9924
794 -6285.9961
795 -6285.9961
796 -6285.9960
797 -6285.9961
798 -6286.7399
799 -6285.3703
800 -6286.7496
801 -6286.7495
802 -6286.7498
803 -6286.7497
804 -6286.7498
805 -6287.4074
806 -6286.2313
807 -6287.4156
808 -6287.4159
809 -6287.4160
810 -6287.4159
811 -6287.4160
812 -6288.0697
813 -6287.5673
814 -6288.0719
815 -6288.0721
816 -6288.0721
817 -6288.0721
818 -6288.0722
819 -6288.6685
820 -6288.3415
821 -6288.6825
822 -6288.6805
823 -6288.6828
824 -6288.6828
825 -6289.1901
826 -6288.7289
827 -6289.1892
828 -6289.1906
829 -6289.1900
830 -6289.1906
831 -6289.5873
832 -6288.6820
833 -6289.6090
834 -6289.6088
835 -6289.6093
836 -6289.6094
837 -6289.6091
838 -6289.6094
839 -6289.8403
840 -6288.1124
841 -6289.9814
842 -6289.9802
843 -6289.9813
844 -6289.9814
845 -6289.9125
846 -6290.3515
847 -6290.3480
848 -6290.3516
849 -6290.3519
850 -6290.3519
851 -6290.2467
852 -6290.7223
853 -6290.7182
854 -6290.7221
855 -6290.7223
856 -6290.7223
857 -6290.7786
858 -6287.8339
859 -6291.1195
860 -6291.1159
861 -6291.1199
862 -6291.1197
863 -6291.1199
864 -6291.2677
865 -6288.7675
866 -6291.5141
867 -6291.5127
868 -6291.5146
869 -6291.5144
870 -6291.5146
871 -6291.6933
872 -6289.3740
873 -6291.9091
874 -6291.9074
875 -6291.9090
876 -6292.1106
877 -6290.1453
878 -6292.2795
879 -6292.2767
880 -6292.2792
881 -6292.2794
882 -6292.4436
883 -6290.5054
884 -6292.6297
885 -6292.6285
886 -6292.6297
887 -6292.6297
888 -6292.7538
889 -6290.7340
890 -6292.9649
891 -6292.9625
892 -6292.9647
893 -6292.9649
894 -6292.9649
895 -6293.0504
896 -6290.7372
897 -6293.3135
898 -6293.3107
899 -6293.3132
900 -6293.3134
901 -6293.3135
902 -6293.2938
903 -6293.6693
904 -6293.6636
905 -6293.6689
906 -6293.6691
907 -6293.6693
908 -6293.8138
909 -6291.6257
910 -6294.0279
911 -6294.0273
912 -6294.0279
913 -6294.0280
914 -6294.2652
915 -6292.6431
916 -6294.3884
917 -6294.3874
918 -6294.3885
919 -6294.6836
920 -6293.4364
921 -6294.7480
922 -6294.7478
923 -6294.7479
924 -6294.7480
925 -6294.7480
926 -6294.7480
927 -6295.0589
928 -6293.9512
929 -6295.1078
930 -6295.1074
931 -6295.1079
932 -6295.1079
933 -6295.3749
934 -6294.1431
935 -6295.4406
936 -6295.4408
937 -6295.4406
938 -6295.4408
939 -6295.5727
940 -6293.8440
941 -6295.7279
942 -6295.7271
943 -6295.7283
944 -6295.7581
945 -6293.5749
946 -6296.0021
947 -6296.0016
948 -6296.0023
949 -6296.0022
950 -6296.0023
951 -6295.9116
952 -6296.2634
953 -6296.2584
954 -6296.2631
955 -6296.2633
956 -6296.2634
957 -6296.0426
958 -6296.5417
959 -6296.5380
960 -6296.5415
961 -6296.5416
962 -6296.5417
963 -6297.6033
964 -6291.5858
965 -6298.0613
966 -6298.0458
967 -6298.0609
968 -6298.0613
969 -6298.0613
970 -6298.9436
971 -6294.3096
972 -6299.2699
973 -6299.2664
974 -6299.2700
975 -6299.2700
976 -6299.2700
977 -6298.4247
978 -6300.1007
979 -6297.1064
980 -6300.7699
981 -6300.7356
982 -6300.7695
983 -6300.7698
984 -6300.7699
985 -6299.9164
986 -6301.4138
987 -6301.4008
988 -6301.4140
989 -6301.4139
990 -6301.4140
991 -6301.4104
992 -6302.0574
993 -6302.0509
994 -6302.0574
995 -6302.0579
996 -6297.5457
997 -6302.6025
998 -6302.5962
999 -6302.6024
1000 -6302.6025
1001 -6302.6026
1002 -6302.6025
1003 -6302.6026
1004 -6302.5802
1005 -6303.0817
1006 -6303.0765
1007 -6303.0813
1008 -6303.0816
1009 -6303.0817
1010 -6302.5683
1011 -6303.4574
1012 -6303.4536
1013 -6303.4572
1014 -6303.4573
1015 -6303.4574
1016 -6302.4945
1017 -6303.7732
1018 -6303.7616
1019 -6303.7735
1020 -6303.7735
1021 -6303.7735
1022 -6303.7735
1023 -6302.5402
1024 -6304.0799
1025 -6304.0650
1026 -6304.0806
1027 -6304.0804
1028 -6304.0806
1029 -6303.1091
1030 -6304.3779
1031 -6304.3748
1032 -6304.3778
1033 -6304.3779
1034 -6303.9724
1035 -6304.6909
1036 -6304.6835
1037 -6304.6911
1038 -6304.6911
1039 -6304.6909
1040 -6304.6911
1041 -6304.7452
1042 -6302.1922
1043 -6305.0395
1044 -6305.0353
1045 -6305.0391
1046 -6305.0394
1047 -6305.0395
1048 -6305.3409
1049 -6303.9110
1050 -6305.4296
1051 -6305.4287
1052 -6305.4298
1053 -6305.8242
1054 -6304.9477
1055 -6305.8409
1056 -6305.8420
1057 -6305.8419
1058 -6305.8420
1059 -6306.2281
1060 -6305.5882
1061 -6306.2333
1062 -6306.2333
1063 -6306.2331
1064 -6306.2333
1065 -6306.6317
1066 -6306.1575
1067 -6306.6307
1068 -6306.6323
1069 -6306.6323
1070 -6306.6324
1071 -6306.6325
1072 -6306.6325
1073 -6306.6325
1074 -6306.9973
1075 -6306.4479
1076 -6306.9994
1077 -6307.0003
1078 -6307.0004
1079 -6307.0003
1080 -6307.0004
1081 -6307.3155
1082 -6306.4448
1083 -6307.3487
1084 -6307.3485
1085 -6307.3485
1086 -6307.3487
1087 -6307.6237
1088 -6306.4019
1089 -6307.6948
1090 -6307.6953
1091 -6307.6944
1092 -6307.6953
1093 -6307.9970
1094 -6307.0352
1095 -6308.0378
1096 -6308.3881
1097 -6307.5579
1098 -6308.4103
1099 -6308.4102
1100 -6308.4099
1101 -6308.4102
1102 -6308.4103
1103 -6308.7400
1104 -6307.8980
1105 -6308.7644
1106 -6309.1089
1107 -6308.3496
1108 -6309.1268
1109 -6309.1272
1110 -6309.1271
1111 -6309.1272
1112 -6309.4094
1113 -6308.4887
1114 -6309.4480
1115 -6309.4487
1116 -6309.4484
1117 -6309.4487
1118 -6309.6511
1119 -6308.4139
1120 -6309.7392
1121 -6309.7380
1122 -6309.7395
1123 -6309.7397
1124 -6309.7395
1125 -6309.7397
1126 -6309.9159
1127 -6308.4225
1128 -6310.0357
1129 -6310.0344
1130 -6310.0358
1131 -6310.0355
1132 -6310.0358
1133 -6310.0358
1134 -6310.0358
1135 -6310.0358
1136 -6310.1229
1137 -6308.2862
1138 -6310.3140
1139 -6310.3133
1140 -6310.3137
1141 -6310.3141
1142 -6310.3143
1143 -6310.3143
1144 -6310.3143
1145 -6310.3140
1146 -6310.3143
1147 -6310.4237
1148 -6308.6377
1149 -6310.5995
1150 -6310.5989
1151 -6310.5994
1152 -6310.5993
1153 -6310.5995
1154 -6310.6284
1155 -6308.4547
1156 -6310.8821
1157 -6310.8796
1158 -6310.8823
1159 -6310.8824
1160 -6310.8822
1161 -6310.8824
1162 -6310.9646
1163 -6308.9855
1164 -6311.1759
1165 -6311.1707
1166 -6311.1756
1167 -6311.1759
1168 -6311.1759
1169 -6311.3794
1170 -6309.7621
1171 -6311.5091
1172 -6311.5081
1173 -6311.5089
1174 -6311.5091
1175 -6311.5091
1176 -6311.5091
1177 -6311.8197
1178 -6310.4950
1179 -6311.8922
1180 -6311.8914
1181 -6311.8921
1182 -6311.8922
1183 -6312.2861
1184 -6311.1085
1185 -6312.3169
1186 -6312.3172
1187 -6312.3173
1188 -6312.3175
1189 -6312.3175
1190 -6312.3175
1191 -6312.7182
1192 -6311.8408
1193 -6312.7256
1194 -6312.7247
1195 -6312.7254
1196 -6312.7256
1197 -6311.7681
1198 -6313.6520
1199 -6314.9259
1200 -6312.6422
1201 -6314.9609
1202 -6314.9609
1203 -6314.9610
1204 -6314.9611
1205 -6314.9610
1206 -6314.9611
1207 -6316.2369
1208 -6315.9479
1209 -6316.3165
1210 -6316.3121
1211 -6316.3163
1212 -6316.3163
1213 -6316.3165
1214 -6317.4990
1215 -6318.0018
1216 -6317.7606
1217 -6318.0143
1218 -6318.0116
1219 -6318.0143
1220 -6318.0143
1221 -6319.0146
1222 -6319.4906
1223 -6319.3452
1224 -6319.5160
1225 -6319.5146
1226 -6319.5162
1227 -6319.5165
1228 -6319.5165
1229 -6319.5165
1230 -6319.5165
1231 -6320.3276
1232 -6320.3297
1233 -6319.3901
1234 -6320.4392
1235 -6320.4386
1236 -6320.4393
1237 -6320.4393
1238 -6320.4393
1239 -6321.2643
1240 -6320.9061
1241 -6321.2888
1242 -6321.2847
1243 -6321.2889
1244 -6321.2888
1245 -6321.2889
1246 -6322.0387
1247 -6320.8572
1248 -6322.0513
1249 -6322.0510
1250 -6322.0513
1251 -6322.8024
1252 -6321.9361
1253 -6322.7993
1254 -6322.8029
1255 -6322.8031
1256 -6322.8029
1257 -6322.8031
1258 -6323.5023
1259 -6322.6669
1260 -6323.5011
1261 -6323.5039
1262 -6323.5039
1263 -6323.5038
1264 -6323.5039
1265 -6324.2265
1266 -6323.5897
1267 -6324.2244
1268 -6324.2280
1269 -6324.8758
1270 -6324.0141
1271 -6324.8804
1272 -6324.8815
1273 -6324.8817
1274 -6325.3647
1275 -6323.7805
1276 -6325.4334
1277 -6325.4329
1278 -6325.4330
1279 -6325.9094
1280 -6324.2631
1281 -6325.9845
1282 -6325.9840
1283 -6325.9844
1284 -6325.9845
1285 -6325.9846
1286 -6325.9847
1287 -6325.9847
1288 -6325.9847
1289 -6326.3647
1290 -6324.4419
1291 -6326.4846
1292 -6326.4840
1293 -6326.4846
1294 -6326.4847
1295 -6326.4845
1296 -6326.4847
1297 -6326.8805
1298 -6325.6159
1299 -6326.9341
1300 -6326.9336
1301 -6326.9337
1302 -6326.9341
1303 -6327.3747
1304 -6326.6053
1305 -6327.3842
1306 -6327.3845
1307 -6327.3845
1308 -6327.3845
1309 -6327.3845
1310 -6327.3845
1311 -6327.7934
1312 -6327.1858
1313 -6327.7978
1314 -6327.7979
1315 -6328.1708
1316 -6327.6096
1317 -6328.1749
1318 -6328.1747
1319 -6328.1749
1320 -6328.1749
1321 -6328.1751
1322 -6328.1751
1323 -6328.1751
1324 -6328.1751
1325 -6328.5254
1326 -6328.0033
1327 -6328.5279
1328 -6328.5276
1329 -6328.5279
1330 -6328.5279
1331 -6328.8403
1332 -6328.2062
1333 -6328.8538
1334 -6328.8542
1335 -6328.8543
1336 -6328.8540
1337 -6328.8543
1338 -6329.1216
1339 -6328.3231
1340 -6329.1547
1341 -6329.1543
1342 -6329.1547
1343 -6329.3084
1344 -6328.0425
1345 -6329.4197
1346 -6329.4181
1347 -6329.4196
1348 -6329.4198
1349 -6329.4900
1350 -6327.7478
1351 -6329.6803
1352 -6329.6779
1353 -6329.6802
1354 -6329.6804
1355 -6329.5414
1356 -6329.9370
1357 -6329.2784
1358 -6330.1725
1359 -6329.4227
1360 -6330.3916
1361 -6330.3797
1362 -6330.3915
1363 -6330.3917
1364 -6329.3536
1365 -6330.5875
1366 -6329.2284
1367 -6330.7722
1368 -6330.7561
1369 -6330.7722
1370 -6330.7725
1371 -6330.7725
1372 -6330.7724
1373 -6330.7725
1374 -6329.3266
1375 -6330.9441
1376 -6330.9295
1377 -6330.9445
1378 -6330.9445
1379 -6330.9445
1380 -6329.3269
1381 -6331.1090
1382 -6331.0901
1383 -6331.1091
1384 -6331.1091
1385 -6331.1091
1386 -6329.0789
1387 -6331.2546
1388 -6331.2317
1389 -6331.2548
1390 -6331.2550
1391 -6331.2547
1392 -6331.2550
1393 -6329.1880
1394 -6331.4037
1395 -6331.3817
1396 -6331.4040
1397 -6331.4035
1398 -6331.4040
1399 -6329.8994
1400 -6331.5468
1401 -6331.5295
1402 -6331.5466
1403 -6331.5468
1404 -6330.4857
1405 -6331.6987
1406 -6330.9686
1407 -6331.8454
1408 -6331.3286
1409 -6331.9928
1410 -6331.6753
1411 -6332.1413
1412 -6332.1359
1413 -6332.1416
1414 -6332.1416
1415 -6332.1416
1416 -6331.9845
1417 -6332.2886
1418 -6332.2866
1419 -6332.2887
1420 -6332.2887
1421 -6332.2887
1422 -6332.2887
1423 -6332.2314
1424 -6332.4464
1425 -6332.4451
1426 -6332.4467
1427 -6332.4467
1428 -6332.4467
1429 -6332.4467
1430 -6332.4467
1431 -6332.5107
1432 -6331.3865
1433 -6332.6238
1434 -6332.6222
1435 -6332.6238
1436 -6332.7717
1437 -6331.9011
1438 -6332.8259
1439 -6332.8257
1440 -6332.8253
1441 -6332.8259
1442 -6332.8259
1443 -6332.9815
1444 -6332.0934
1445 -6333.0315
1446 -6333.0305
1447 -6333.0313
1448 -6333.0315
1449 -6333.1314
1450 -6331.9334
1451 -6333.2203
1452 -6333.2202
1453 -6333.2200
1454 -6333.1470
1455 -6333.3619
1456 -6333.3603
1457 -6333.3613
1458 -6333.3619
1459 -6333.1447
1460 -6333.4840
1461 -6333.4825
1462 -6333.4841
1463 -6333.4841
1464 -6333.4842
1465 -6333.4842
1466 -6333.4842
1467 -6333.0202
1468 -6333.5748
1469 -6333.5715
1470 -6333.5746
1471 -6333.5748
1472 -6332.7819
1473 -6333.6638
1474 -6333.6557
1475 -6333.6639
1476 -6332.3317
1477 -6333.7407
1478 -6333.7269
1479 -6333.7409
1480 -6333.7409
1481 -6333.7408
1482 -6333.7409
1483 -6332.1528
1484 -6333.8195
1485 -6333.8030
1486 -6333.8196
1487 -6333.8197
1488 -6333.8196
1489 -6333.8197
1490 -6332.5194
1491 -6333.9013
1492 -6333.8892
1493 -6333.9010
1494 -6333.9014
1495 -6333.9014
1496 -6333.9015
1497 -6333.9014
1498 -6333.9015
1499 -6332.8061
1500 -6333.9837
1501 -6333.9725
1502 -6333.9837
1503 -6333.9840
1504 -6333.9841
1505 -6333.9840
1506 -6333.9841
1507 -6333.0648
1508 -6334.0677
1509 -6334.0570
1510 -6334.0677
1511 -6334.0678
1512 -6333.2948
1513 -6334.1501
1514 -6334.1405
1515 -6334.1496
1516 -6334.1500
1517 -6334.1501
1518 -6333.4488
1519 -6334.2354
1520 -6334.2267
1521 -6334.2353
1522 -6334.2354
1523 -6334.2354
1524 -6334.2354
1525 -6334.2354
1526 -6333.5601
1527 -6334.3188
1528 -6334.3129
1529 -6334.3187
1530 -6334.3188
1531 -6333.6424
1532 -6334.4057
1533 -6334.3970
1534 -6334.4050
1535 -6334.4055
1536 -6334.4057
1537 -6333.6091
1538 -6334.4878
1539 -6334.4787
1540 -6334.4877
1541 -6334.4879
1542 -6334.4879
1543 -6334.4879
1544 -6334.4879
1545 -6333.4875
1546 -6334.5611
1547 -6334.5519
1548 -6334.5608
1549 -6334.5611
1550 -6334.5611
1551 -6333.3134
1552 -6334.6332
1553 -6334.6201
1554 -6334.6329
1555 -6334.6330
1556 -6334.6332
1557 -6332.9891
1558 -6334.6975
1559 -6334.6974
1560 -6334.6975
1561 -6334.6975
1562 -6334.6975
1563 -6334.6975
1564 -6334.6975
1565 -6332.5343
1566 -6334.7640
1567 -6334.7629
1568 -6334.7641
1569 -6334.7641
1570 -6334.7641
1571 -6332.1769
1572 -6334.8287
1573 -6334.8277
1574 -6334.8286
1575 -6334.8288
1576 -6331.5583
1577 -6334.8880
1578 -6334.8873
1579 -6334.8879
1580 -6334.8880
1581 -6334.8880
1582 -6331.7236
1583 -6334.9467
1584 -6334.9460
1585 -6334.9468
1586 -6334.9468
1587 -6334.9468
1588 -6332.1391
1589 -6335.0071
1590 -6332.2449
1591 -6335.0666
1592 -6335.0397
1593 -6335.0669
1594 -6335.0672
1595 -6335.0669
1596 -6335.0672
1597 -6332.4862
1598 -6335.1218
1599 -6335.1001
1600 -6335.1218
1601 -6335.1218
1602 -6335.1219
1603 -6335.1219
1604 -6332.7741
1605 -6335.1841
1606 -6335.1616
1607 -6335.1842
1608 -6335.1844
1609 -6335.1842
1610 -6335.1844
1611 -6332.5571
1612 -6335.2422
1613 -6335.2140
1614 -6335.2420
1615 -6335.2422
1616 -6332.7098
1617 -6335.2990
1618 -6335.2727
1619 -6335.2985
1620 -6335.2986
1621 -6332.9400
1622 -6335.3571
1623 -6335.3357
1624 -6335.3578
1625 -6335.3578
1626 -6335.3578
1627 -6333.2607
1628 -6335.4124
1629 -6335.3897
1630 -6335.4121
1631 -6335.4124
1632 -6335.4124
1633 -6335.4124
1634 -6333.4699
1635 -6335.4698
1636 -6333.5985
1637 -6335.5301
1638 -6335.5292
1639 -6335.5299
1640 -6335.5301
1641 -6335.5301
1642 -6335.5301
1643 -6333.8059
1644 -6335.5927
1645 -6335.5922
1646 -6335.5928
1647 -6335.5928
1648 -6335.5928
1649 -6333.9895
1650 -6335.6579
1651 -6335.6577
1652 -6335.6581
1653 -6335.6581
1654 -6335.6581
1655 -6334.0376
1656 -6335.7215
1657 -6335.7205
1658 -6335.7214
1659 -6335.7215
1660 -6334.1034
1661 -6335.7836
1662 -6334.2555
1663 -6335.8459
1664 -6335.8294
1665 -6335.8458
1666 -6335.8460
1667 -6335.8460
1668 -6335.8460
1669 -6335.8460
1670 -6334.4335
1671 -6335.9039
1672 -6335.8911
1673 -6335.9039
1674 -6335.9039
1675 -6335.9039
1676 -6335.9039
1677 -6334.6698
1678 -6335.9647
1679 -6335.9505
1680 -6335.9650
1681 -6335.9652
1682 -6335.9647
1683 -6335.9652
1684 -6334.8977
1685 -6336.0167
1686 -6336.0058
1687 -6336.0165
1688 -6336.0167
1689 -6335.0717
1690 -6336.0720
1691 -6336.0633
1692 -6336.0721
1693 -6336.0720
1694 -6336.0721
1695 -6335.2680
1696 -6336.1283
1697 -6336.1209
1698 -6336.1282
1699 -6336.1284
1700 -6336.1284
1701 -6336.1284
1702 -6335.4473
1703 -6336.1874
1704 -6336.1793
1705 -6336.1869
1706 -6336.1875
1707 -6336.1875
1708 -6336.1875
1709 -6335.5665
1710 -6336.2432
1711 -6336.2367
1712 -6336.2427
1713 -6336.2431
1714 -6336.2432
1715 -6335.7097
1716 -6336.3017
1717 -6336.2946
1718 -6336.3016
1719 -6336.3016
1720 -6335.8478
1721 -6336.3624
1722 -6336.3621
1723 -6336.3622
1724 -6336.3622
1725 -6336.3624
1726 -6335.9554
1727 -6336.4292
1728 -6336.4275
1729 -6336.4292
1730 -6336.0514
1731 -6336.4979
1732 -6336.4966
1733 -6336.4977
1734 -6336.4979
1735 -6336.4979
1736 -6336.1253
1737 -6336.5620
1738 -6336.5620
1739 -6336.5629
1740 -6336.5627
1741 -6336.5629
1742 -6336.1935
1743 -6336.6290
1744 -6336.6251
1745 -6336.6295
1746 -6336.6295
1747 -6336.6295
1748 -6336.6295
1749 -6336.2775
1750 -6336.6887
1751 -6311.1637
1752 -6336.9774
1753 -6336.9765
1754 -6336.9778
1755 -6336.9777
1756 -6336.9778
1757 -6336.9778
1758 -6325.8094
1759 -6337.2613
1760 -6337.1495
1761 -6337.2615
1762 -6337.2614
1763 -6337.2615
1764 -6327.6092
1765 -6337.4430
1766 -6337.3490
1767 -6337.4428
1768 -6337.4430
1769 -6337.4430
1770 -6337.4430
1771 -6332.1759
1772 -6337.5864
1773 -6337.5321
1774 -6337.5861
1775 -6337.5866
1776 -6337.5866
1777 -6337.5866
1778 -6337.5866
1779 -6335.0179
1780 -6337.7218
1781 -6337.6951
1782 -6337.7211
1783 -6337.7218
1784 -6337.7218
1785 -6337.7218
1786 -6337.7218
1787 -6336.8342
1788 -6337.8831
1789 -6337.8734
1790 -6337.8829
1791 -6337.8831
1792 -6337.4847
1793 -6338.0497
1794 -6338.0439
1795 -6338.0493
1796 -6338.0498
1797 -6337.8377
1798 -6338.2112
1799 -6338.2063
1800 -6338.2107
1801 -6338.2111
1802 -6338.2112
1803 -6338.2663
1804 -6336.9677
1805 -6338.4045
1806 -6338.4040
1807 -6338.4044
1808 -6338.4046
1809 -6338.4046
1810 -6338.4046
1811 -6338.6017
1812 -6337.9719
1813 -6338.6273
1814 -6338.6270
1815 -6338.6272
1816 -6338.6273
1817 -6338.8831
1818 -6338.5843
1819 -6338.8822
1820 -6338.8830
1821 -6338.8831
1822 -6339.1296
1823 -6338.8940
1824 -6339.1302
1825 -6339.1299
1826 -6339.1302
1827 -6339.3026
1828 -6338.9003
1829 -6339.3102
1830 -6339.3102
1831 -6339.3101
1832 -6339.3102
1833 -6339.3653
1834 -6338.4518
1835 -6339.4501
1836 -6339.4504
1837 -6339.4506
1838 -6339.4507
1839 -6339.4504
1840 -6339.4507
1841 -6339.2751
1842 -6339.5631
1843 -6339.5602
1844 -6339.5631
1845 -6339.4498
1846 -6339.6785
1847 -6339.6765
1848 -6339.6790
1849 -6339.6790
1850 -6339.6790
1851 -6339.5845
1852 -6339.7998
1853 -6339.7978
1854 -6339.7995
1855 -6339.7997
1856 -6339.7998
1857 -6339.5545
1858 -6339.9181
1859 -6339.3954
1860 -6340.0317
1861 -6340.0267
1862 -6340.0314
1863 -6340.0316
1864 -6340.0317
1865 -6339.3836
1866 -6340.1357
1867 -6340.1273
1868 -6340.1357
1869 -6340.1358
1870 -6340.1359
1871 -6340.1359
1872 -6340.1359
1873 -6340.1359
1874 -6339.2194
1875 -6340.2162
1876 -6340.2059
1877 -6340.2161
1878 -6340.2161
1879 -6340.2162
1880 -6339.3510
1881 -6340.2926
1882 -6340.2821
1883 -6340.2923
1884 -6340.2926
1885 -6340.2926
1886 -6339.3067
1887 -6340.3645
1888 -6340.3555
1889 -6340.3651
1890 -6340.3649
1891 -6340.3651
1892 -6339.3311
1893 -6340.4375
1894 -6340.4361
1895 -6340.4377
1896 -6340.4377
1897 -6340.4378
1898 -6340.4378
1899 -6340.4377
1900 -6340.4378
1901 -6339.2186
1902 -6340.5136
1903 -6340.5129
1904 -6340.5136
1905 -6340.5136
1906 -6340.5136
1907 -6339.4935
1908 -6340.5907
1909 -6340.5899
1910 -6340.5908
1911 -6340.5909
1912 -6340.5908
1913 -6340.5909
1914 -6339.7800
1915 -6340.6684
1916 -6340.6680
1917 -6340.6685
1918 -6340.6685
1919 -6340.6685
1920 -6340.1276
1921 -6340.7504
1922 -6340.7436
1923 -6340.7504
1924 -6340.7506
1925 -6340.7506
1926 -6340.7506
1927 -6340.7506
1928 -6340.3417
1929 -6340.8343
1930 -6340.8338
1931 -6340.8342
1932 -6340.8343
1933 -6340.4889
1934 -6340.9191
1935 -6340.9180
1936 -6340.9190
1937 -6340.9191
1938 -6340.9191
1939 -6340.9191
1940 -6340.6286
1941 -6341.0030
1942 -6341.0029
1943 -6341.0032
1944 -6341.0031
1945 -6341.0032
1946 -6340.6968
1947 -6341.0773
1948 -6340.8135
1949 -6341.1497
1950 -6341.1494
1951 -6341.1492
1952 -6341.1498
1953 -6341.1497
1954 -6341.1498
1955 -6340.9474
1956 -6341.2268
1957 -6341.2251
1958 -6341.2266
1959 -6341.2268
1960 -6341.1188
1961 -6341.3076
1962 -6341.3073
1963 -6341.3077
1964 -6341.3078
1965 -6341.3078
1966 -6341.3078
1967 -6341.2819
1968 -6341.4049
1969 -6341.4041
1970 -6341.4050
1971 -6341.4015
1972 -6341.5047
1973 -6341.5052
1974 -6341.5051
1975 -6341.5052
1976 -6341.5443
1977 -6340.7229
1978 -6341.6266
1979 -6341.6262
1980 -6341.6267
1981 -6341.6267
1982 -6341.6267
1983 -6341.6291
1984 -6340.7459
1985 -6341.7273
1986 -6341.7257
1987 -6341.7270
1988 -6341.7273
1989 -6341.6712
1990 -6341.8235
1991 -6341.8225
1992 -6341.8235
1993 -6341.8235
1994 -6341.8235
1995 -6341.8235
1996 -6341.6408
1997 -6341.9077
1998 -6341.9052
1999 -6341.9075
2000 -6341.9077
2001 -6341.6083
2002 -6341.9951
2003 -6341.9906
2004 -6341.9950
2005 -6341.9951
2006 -6341.7801
2007 -6342.0818
2008 -6342.0803
2009 -6342.0813
2010 -6342.0818
2011 -6342.0819
2012 -6342.0818
2013 -6342.0819
2014 -6341.9352
2015 -6342.1727
2016 -6342.1732
2017 -6342.1741
2018 -6342.1740
2019 -6342.1741
2020 -6342.0754
2021 -6342.2615
2022 -6342.2595
2023 -6342.2616
2024 -6342.2616
2025 -6342.2617
2026 -6342.2617
2027 -6342.2617
2028 -6342.2617
2029 -6342.2096
2030 -6342.3640
2031 -6342.3631
2032 -6342.3644
2033 -6342.3644
2034 -6342.3644
2035 -6342.3837
2036 -6341.4396
2037 -6342.4872
2038 -6342.4859
2039 -6342.4873
2040 -6342.4874
2041 -6342.4872
2042 -6342.4874
2043 -6338.1561
2044 -6342.8070
2045 -6342.8042
2046 -6342.8070
2047 -6342.8070
2048 -6342.8070
2049 -6342.8070
2050 -6342.5673
2051 -6343.2221
2052 -6343.2176
2053 -6343.2220
2054 -6343.2221
2055 -6343.2221
2056 -6343.0592
2057 -6343.4940
2058 -6343.4901
2059 -6343.4937
2060 -6343.4941
2061 -6343.4941
2062 -6343.7529
2063 -6342.8151
2064 -6343.8000
2065 -6343.7997
2066 -6343.8000
2067 -6344.1897
2068 -6344.0194
2069 -6344.2030
2070 -6344.2010
2071 -6344.2028
2072 -6344.2030
2073 -6344.2030
2074 -6344.5751
2075 -6344.4818
2076 -6344.6000
2077 -6344.5995
2078 -6344.6002
2079 -6344.6002
2080 -6344.6002
2081 -6344.8899
2082 -6344.5393
2083 -6344.8883
2084 -6344.8901
2085 -6344.8900
2086 -6344.8901
2087 -6345.1467
2088 -6344.4713
2089 -6345.1688
2090 -6345.4688
2091 -6344.8524
2092 -6345.4821
2093 -6345.7783
2094 -6345.3041
2095 -6345.7818
2096 -6346.0840
2097 -6345.7814
2098 -6346.0819
2099 -6346.0834
2100 -6346.3895
2101 -6346.2053
2102 -6346.3940
2103 -6346.3939
2104 -6346.6071
2105 -6346.2763
2106 -6346.6083
2107 -6346.6086
2108 -6346.6085
2109 -6346.6086
2110 -6346.6086
2111 -6346.6086
2112 -6346.7706
2113 -6346.3160
2114 -6346.7833
2115 -6346.7833
2116 -6346.7832
2117 -6346.7833
2118 -6346.9015
2119 -6346.3768
2120 -6346.9323
2121 -6346.9318
2122 -6346.9323
2123 -6346.9323
2124 -6347.0196
2125 -6346.3754
2126 -6347.0719
2127 -6347.0706
2128 -6347.0721
2129 -6347.0721
2130 -6347.0721
2131 -6347.0663
2132 -6347.1964
2133 -6347.1950
2134 -6347.1961
2135 -6347.1964
2136 -6347.0141
2137 -6347.3133
2138 -6347.3115
2139 -6347.3131
2140 -6347.3133
2141 -6347.3133
2142 -6346.9779
2143 -6347.4332
2144 -6347.4318
2145 -6347.4335
2146 -6347.4335
2147 -6347.4335
2148 -6347.0228
2149 -6347.5692
2150 -6347.0237
2151 -6347.7016
2152 -6347.6947
2153 -6347.7019
2154 -6347.7019
2155 -6347.7019
2156 -6347.7020
2157 -6347.7019
2158 -6347.7020
2159 -6347.0919
2160 -6347.8255
2161 -6347.8198
2162 -6347.8257
2163 -6347.8256
2164 -6347.8257
2165 -6347.2567
2166 -6347.9551
2167 -6347.9491
2168 -6347.9548
2169 -6347.9550
2170 -6347.9551
2171 -6347.3166
2172 -6348.0826
2173 -6348.0746
2174 -6348.0822
2175 -6348.0826
2176 -6348.0826
2177 -6347.6953
2178 -6348.2014
2179 -6348.1952
2180 -6348.2012
2181 -6348.2014
2182 -6348.2014
2183 -6348.2015
2184 -6348.2015
2185 -6348.2015
2186 -6347.9989
2187 -6348.3141
2188 -6348.3109
2189 -6348.3144
2190 -6348.3144
2191 -6348.3144
2192 -6348.2420
2193 -6348.4309
2194 -6348.4295
2195 -6348.4310
2196 -6348.4310
2197 -6348.4310
2198 -6348.4209
2199 -6348.5458
2200 -6348.5446
2201 -6348.5461
2202 -6348.5459
2203 -6348.5460
2204 -6348.5461
2205 -6348.6226
2206 -6347.9897
2207 -6348.6751
2208 -6348.6746
2209 -6348.6753
2210 -6348.6751
2211 -6348.6753
2212 -6348.6753
2213 -6348.6753
2214 -6348.7871
2215 -6348.3471
2216 -6348.8116
2217 -6348.8109
2218 -6348.8117
2219 -6348.8115
2220 -6348.8117
2221 -6348.9586
2222 -6348.6595
2223 -6348.9621
2224 -6348.9621
2225 -6348.9622
2226 -6348.9623
2227 -6348.9620
2228 -6348.9623
2229 -6349.1029
2230 -6348.7928
2231 -6349.1055
2232 -6349.1052
2233 -6349.1053
2234 -6349.1055
2235 -6349.1997
2236 -6348.7924
2237 -6349.2199
2238 -6349.2198
2239 -6349.2199
2240 -6349.2199
2241 -6349.2820
2242 -6348.8346
2243 -6349.3145
2244 -6349.3143
2245 -6349.3142
2246 -6349.3145
2247 -6349.3714
2248 -6348.9468
2249 -6349.4000
2250 -6349.4000
2251 -6349.4001
2252 -6349.4001
2253 -6349.4001
2254 -6349.4001
2255 -6349.4591
2256 -6349.0828
2257 -6349.4857
2258 -6349.4856
2259 -6349.4857
2260 -6349.4857
2261 -6349.4857
2262 -6349.4857
2263 -6349.4857
2264 -6349.5515
2265 -6349.2172
2266 -6349.5731
2267 -6349.5730
2268 -6349.5730
2269 -6349.5731
2270 -6349.6426
2271 -6349.2894
2272 -6349.6642
2273 -6349.6642
2274 -6349.6645
2275 -6349.6646
2276 -6349.6646
2277 -6349.6646
2278 -6349.7162
2279 -6349.2856
2280 -6349.7525
2281 -6349.7522
2282 -6349.7524
2283 -6349.7524
2284 -6349.7525
2285 -6349.7786
2286 -6349.2413
2287 -6349.8366
2288 -6349.8360
2289 -6349.8364
2290 -6349.8366
2291 -6349.8195
2292 -6349.9139
2293 -6349.9128
2294 -6349.9144
2295 -6349.9147
2296 -6349.9147
2297 -6349.9147
2298 -6349.9147
2299 -6349.8333
2300 -6349.9857
2301 -6349.9844
2302 -6349.9850
2303 -6349.9855
2304 -6349.9857
2305 -6349.8296
2306 -6350.0591
2307 -6350.0567
2308 -6350.0592
2309 -6350.0592
2310 -6350.0592
2311 -6349.9046
2312 -6350.1309
2313 -6350.1293
2314 -6350.1306
2315 -6350.1309
2316 -6350.1309
2317 -6350.1309
2318 -6350.0274
2319 -6350.2062
2320 -6350.2044
2321 -6350.2057
2322 -6350.2060
2323 -6350.2062
2324 -6350.1358
2325 -6350.2827
2326 -6350.2818
2327 -6350.2830
2328 -6350.2830
2329 -6350.2829
2330 -6350.2830
2331 -6350.2114
2332 -6350.3585
2333 -6350.3582
2334 -6350.3591
2335 -6350.3591
2336 -6350.3591
2337 -6350.3591
2338 -6350.2664
2339 -6350.4256
2340 -6350.4224
2341 -6350.4253
2342 -6350.4255
2343 -6350.4256
2344 -6350.3044
2345 -6350.4900
2346 -6350.4890
2347 -6350.4900
2348 -6350.4900
2349 -6350.4900
2350 -6350.4900
2351 -6350.4900
2352 -6350.4900
2353 -6350.4900
2354 -6350.3297
2355 -6350.5536
2356 -6350.5532
2357 -6350.5536
2358 -6350.5536
2359 -6350.5536
2360 -6350.5536
2361 -6350.3416
2362 -6350.6142
2363 -6350.3109
2364 -6350.6769
2365 -6350.6766
2366 -6350.6769
2367 -6350.6769
2368 -6350.6769
2369 -6350.2126
2370 -6350.7365
2371 -6350.7316
2372 -6350.7365
2373 -6350.7365
2374 -6350.7364
2375 -6350.7365
2376 -6349.9583
2377 -6350.7930
2378 -6350.7852
2379 -6350.7934
2380 -6350.7932
2381 -6350.7934
2382 -6349.3047
2383 -6350.8481
2384 -6350.8340
2385 -6350.8480
2386 -6350.8481
2387 -6350.8481
2388 -6349.0140
2389 -6350.9014
2390 -6350.8840
2391 -6350.9008
2392 -6350.9011
2393 -6350.9014
2394 -6349.4126
2395 -6350.9545
2396 -6350.9389
2397 -6350.9543
2398 -6350.9545
2399 -6350.9545
2400 -6350.9545
2401 -6350.9545
2402 -6349.8115
2403 -6351.0042
2404 -6350.9922
2405 -6351.0045
2406 -6351.0045
2407 -6351.0044
2408 -6351.0045
2409 -6350.0923
2410 -6351.0517
2411 -6351.0429
2412 -6351.0514
2413 -6351.0517
2414 -6351.0517
2415 -6351.0517
2416 -6351.0517
2417 -6351.0517
2418 -6351.0517
2419 -6350.2984
2420 -6351.1020
2421 -6351.0932
2422 -6351.1021
2423 -6351.1021
2424 -6351.1021
2425 -6350.4387
2426 -6351.1500
2427 -6351.1421
2428 -6351.1498
2429 -6351.1499
2430 -6351.1500
2431 -6350.5320
2432 -6351.2029
2433 -6351.1963
2434 -6351.2028
2435 -6351.2029
2436 -6351.2029
2437 -6351.2029
2438 -6350.5238
2439 -6351.2555
2440 -6350.4425
2441 -6351.3043
2442 -6351.2964
2443 -6351.3043
2444 -6351.3045
2445 -6351.3043
2446 -6351.3045
2447 -6350.2934
2448 -6351.3521
2449 -6351.3415
2450 -6351.3521
2451 -6351.3521
2452 -6351.3521
2453 -6350.0467
2454 -6351.3975
2455 -6351.3832
2456 -6351.3969
2457 -6351.3974
2458 -6351.3974
2459 -6351.3975
2460 -6349.6383
2461 -6351.4429
2462 -6351.4236
2463 -6351.4426
2464 -6351.4427
2465 -6351.4429
2466 -6351.4429
2467 -6348.9646
2468 -6351.4909
2469 -6351.4663
2470 -6351.4903
2471 -6351.4909
2472 -6351.4909
2473 -6351.4909
2474 -6349.0242
2475 -6351.5386
2476 -6351.5152
2477 -6351.5384
2478 -6351.5387
2479 -6351.5387
2480 -6351.5387
2481 -6351.5387
2482 -6351.5387
2483 -6349.4777
2484 -6351.5903
2485 -6351.5705
2486 -6351.5902
2487 -6351.5901
2488 -6351.5903
2489 -6351.5903
2490 -6349.8013
2491 -6351.6418
2492 -6351.6237
2493 -6351.6415
2494 -6351.6421
2495 -6351.6421
2496 -6351.6418
2497 -6351.6421
2498 -6349.9872
2499 -6351.6919
2500 -6351.6754
2501 -6351.6914
2502 -6351.6919
2503 -6351.6919
2504 -6350.1153
2505 -6351.7416
2506 -6351.7260
2507 -6351.7415
2508 -6351.7414
2509 -6351.7416
2510 -6351.7416
2511 -6351.7416
2512 -6351.7416
2513 -6350.3104
2514 -6351.7945
2515 -6351.7818
2516 -6351.7944
2517 -6351.7944
2518 -6351.7945
2519 -6351.7945
2520 -6351.7945
2521 -6350.5234
2522 -6351.8480
2523 -6351.8353
2524 -6351.8484
2525 -6351.8487
2526 -6351.8487
2527 -6351.8487
2528 -6350.7438
2529 -6351.8960
2530 -6351.8844
2531 -6351.8957
2532 -6351.8960
2533 -6351.8961
2534 -6351.8961
2535 -6351.8961
2536 -6351.8961
2537 -6350.9503
2538 -6351.9540
2539 -6351.9456
2540 -6351.9542
2541 -6351.9540
2542 -6351.9542
2543 -6351.0843
2544 -6352.0064
2545 -6351.9978
2546 -6352.0058
2547 -6352.0063
2548 -6351.2503
2549 -6352.0632
2550 -6352.0551
2551 -6352.0629
2552 -6352.0632
2553 -6351.4292
2554 -6352.1198
2555 -6352.1121
2556 -6352.1192
2557 -6352.1197
2558 -6352.1198
2559 -6346.2181
2560 -6352.5898
2561 -6352.5281
2562 -6352.5894
2563 -6352.5899
2564 -6346.7942
2565 -6352.9709
2566 -6352.9096
2567 -6352.9701
2568 -6352.9708
2569 -6338.9375
2570 -6353.2374
2571 -6353.0991
2572 -6353.2359
2573 -6353.2374
2574 -6353.2374
2575 -6342.6632
2576 -6353.4558
2577 -6353.3504
2578 -6353.4539
2579 -6353.4556
2580 -6353.4558
2581 -6348.2053
2582 -6353.6215
2583 -6353.5693
2584 -6353.6209
2585 -6353.6215
2586 -6353.6215
2587 -6353.6215
2588 -6351.0006
2589 -6353.7872
2590 -6353.7610
2591 -6353.7874
2592 -6353.7872
2593 -6353.7874
2594 -6350.2566
2595 -6353.9251
2596 -6353.8897
2597 -6353.9247
2598 -6353.9252
2599 -6353.9252
2600 -6353.9252
2601 -6351.6459
2602 -6354.0598
2603 -6354.0374
2604 -6354.0602
2605 -6354.0599
2606 -6354.0602
2607 -6352.2279
2608 -6354.1605
2609 -6354.1424
2610 -6354.1603
2611 -6354.1605
2612 -6354.1605
2613 -6354.1605
2614 -6354.1605
2615 -6352.7572
2616 -6354.2539
2617 -6354.2372
2618 -6354.2537
2619 -6354.2541
2620 -6353.4002
2621 -6354.3450
2622 -6354.3338
2623 -6354.3451
2624 -6354.3449
2625 -6354.3451
2626 -6353.4837
2627 -6354.4184
2628 -6354.4090
2629 -6354.4184
2630 -6354.4186
2631 -6354.4185
2632 -6354.4186
2633 -6353.6861
2634 -6354.4871
2635 -6353.8961
2636 -6354.5510
2637 -6354.5466
2638 -6354.5511
2639 -6354.5510
2640 -6354.5511
2641 -6354.0249
2642 -6354.6083
2643 -6354.6035
2644 -6354.6077
2645 -6354.6083
2646 -6354.6083
2647 -6354.6083
2648 -6354.0973
2649 -6354.6673
2650 -6354.6614
2651 -6354.6673
2652 -6354.6672
2653 -6354.6673
2654 -6353.9228
2655 -6354.7141
2656 -6354.7057
2657 -6354.7141
2658 -6354.7142
2659 -6354.7141
2660 -6354.7142
2661 -6353.9273
2662 -6354.7580
2663 -6354.7502
2664 -6354.7581
2665 -6354.7581
2666 -6354.7582
2667 -6354.7582
2668 -6354.7582
2669 -6354.7582
2670 -6353.9749
2671 -6354.8082
2672 -6353.7481
2673 -6354.8605
2674 -6354.8593
2675 -6354.8603
2676 -6354.8605
2677 -6353.8184
2678 -6354.9074
2679 -6354.8960
2680 -6354.9074
2681 -6354.9074
2682 -6354.9074
2683 -6354.9075
2684 -6354.9075
2685 -6354.9075
2686 -6353.9964
2687 -6354.9563
2688 -6354.9487
2689 -6354.9567
2690 -6354.9565
2691 -6354.9567
2692 -6354.3868
2693 -6355.0105
2694 -6354.3915
2695 -6355.0645
2696 -6355.0568
2697 -6355.0640
2698 -6355.0644
2699 -6355.0645
2700 -6354.4281
2701 -6355.1096
2702 -6354.4842
2703 -6355.1528
2704 -6355.1515
2705 -6355.1528
2706 -6355.1529
2707 -6355.1529
2708 -6354.6026
2709 -6355.1997
2710 -6355.1995
2711 -6355.1998
2712 -6355.1997
2713 -6355.1998
2714 -6354.7672
2715 -6355.2454
2716 -6355.2452
2717 -6355.2456
2718 -6355.2457
2719 -6355.2457
2720 -6355.2457
2721 -6354.5980
2722 -6355.2892
2723 -6355.2893
2724 -6355.2890
2725 -6355.2893
2726 -6354.7815
2727 -6355.3344
2728 -6355.3339
2729 -6355.3348
2730 -6355.3349
2731 -6355.3349
2732 -6355.3349
2733 -6354.9551
2734 -6355.3835
2735 -6355.3823
2736 -6355.3831
2737 -6355.1212
2738 -6355.4316
2739 -6355.4308
2740 -6355.4317
2741 -6355.2720
2742 -6355.4845
2743 -6355.4828
2744 -6355.4846
2745 -6355.4427
2746 -6355.5443
2747 -6355.5431
2748 -6355.5441
2749 -6355.5443
2750 -6355.5443
2751 -6355.5443
2752 -6355.5720
2753 -6355.1404
2754 -6355.6150
2755 -6355.6156
2756 -6355.6159
2757 -6355.6158
2758 -6355.6159
2759 -6355.7285
2760 -6355.5747
2761 -6355.7291
2762 -6355.7296
2763 -6355.7296
2764 -6355.7292
2765 -6355.7296
2766 -6355.8969
2767 -6355.9262
2768 -6355.7794
2769 -6355.9307
2770 -6355.9288
2771 -6355.9305
2772 -6355.9307
2773 -6355.9307
2774 -6355.9307
2775 -6356.1782
2776 -6356.2343
2777 -6356.0448
2778 -6356.2389
2779 -6356.2380
2780 -6356.2389
2781 -6356.2389
2782 -6356.4586
2783 -6356.4386
2784 -6356.4834
2785 -6356.4827
2786 -6356.4833
2787 -6356.4834
2788 -6356.6473
2789 -6356.5096
2790 -6356.6490
2791 -6356.6489
2792 -6356.6490
2793 -6356.7749
2794 -6356.5499
2795 -6356.7781
2796 -6356.7779
2797 -6356.7781
2798 -6356.7781
2799 -6356.8769
2800 -6356.5103
2801 -6356.8934
2802 -6356.8935
2803 -6356.8935
2804 -6356.8935
2805 -6356.8935
2806 -6356.8983
2807 -6356.1386
2808 -6356.9787
2809 -6356.9779
2810 -6356.9786
2811 -6356.9787
2812 -6356.9118
2813 -6357.0606
2814 -6357.0606
2815 -6357.0604
2816 -6357.0606
2817 -6357.0606
2818 -6357.0606
2819 -6356.9901
2820 -6357.1421
2821 -6357.1408
2822 -6357.1422
2823 -6357.1420
2824 -6357.1422
2825 -6356.9898
2826 -6357.2163
2827 -6357.2155
2828 -6357.2166
2829 -6357.2163
2830 -6357.2166
2831 -6356.9830
2832 -6357.2847
2833 -6357.2831
2834 -6357.2852
2835 -6357.2852
2836 -6357.2852
2837 -6356.8742
2838 -6357.3471
2839 -6357.3430
2840 -6357.3471
2841 -6356.5744
2842 -6357.4115
2843 -6357.4013
2844 -6357.4112
2845 -6357.4115
2846 -6357.4114
2847 -6356.6637
2848 -6357.4737
2849 -6357.4665
2850 -6357.4738
2851 -6357.4741
2852 -6357.4738
2853 -6357.4741
2854 -6356.8906
2855 -6357.5384
2856 -6357.5346
2857 -6357.5388
2858 -6357.5388
2859 -6357.5389
2860 -6357.5389
2861 -6357.5388
2862 -6357.5389
2863 -6356.9616
2864 -6357.6105
2865 -6357.6030
2866 -6357.6110
2867 -6357.6110
2868 -6357.6110
2869 -6357.1944
2870 -6357.6798
2871 -6357.5011
2872 -6357.7558
2873 -6357.7542
2874 -6357.7558
2875 -6357.7558
2876 -6357.7558
2877 -6357.7558
2878 -6357.7558
2879 -6357.6723
2880 -6357.8343
2881 -6357.8333
2882 -6357.8343
2883 -6357.7292
2884 -6357.9074
2885 -6357.9066
2886 -6357.9075
2887 -6357.9075
2888 -6357.9075
2889 -6357.9075
2890 -6357.7759
2891 -6357.9712
2892 -6357.9702
2893 -6357.9715
2894 -6357.9715
2895 -6357.9715
2896 -6357.9715
2897 -6357.7531
2898 -6358.0252
2899 -6358.0226
2900 -6358.0254
2901 -6358.0254
2902 -6358.0254
2903 -6357.7510
2904 -6358.0838
2905 -6357.6238
2906 -6358.1408
2907 -6357.4453
2908 -6358.1996
2909 -6358.1989
2910 -6358.1994
2911 -6358.1996
2912 -6358.1996
2913 -6357.6741
2914 -6358.2632
2915 -6358.2619
2916 -6358.2628
2917 -6358.2632
2918 -6358.2632
2919 -6358.2632
2920 -6357.8882
2921 -6358.3324
2922 -6358.3315
2923 -6358.3327
2924 -6358.3325
2925 -6358.3327
2926 -6358.1016
2927 -6358.4097
2928 -6358.4095
2929 -6358.4098
2930 -6358.4098
2931 -6358.4098
2932 -6358.4098
2933 -6358.4098
2934 -6358.2764
2935 -6358.4944
2936 -6358.4946
2937 -6358.4952
2938 -6358.4949
2939 -6358.4952
2940 -6358.4652
2941 -6358.5986
2942 -6358.5989
2943 -6358.5990
2944 -6358.5995
2945 -6358.5994
2946 -6358.5995
2947 -6358.6311
2948 -6357.8912
2949 -6358.7131
2950 -6358.7137
2951 -6358.7133
2952 -6358.7137
2953 -6358.7596
2954 -6358.1562
2955 -6358.8125
2956 -6358.8130
2957 -6358.8131
2958 -6358.8131
2959 -6358.8131
2960 -6353.0715
2961 -6359.0832
2962 -6359.0813
2963 -6359.0833
2964 -6359.0833
2965 -6359.0833
2966 -6359.0833
2967 -6357.4364
2968 -6359.4240
2969 -6359.4211
2970 -6359.4237
2971 -6359.4239
2972 -6359.4241
2973 -6357.5532
2974 -6359.6518
2975 -6359.6296
2976 -6359.6511
2977 -6359.6518
2978 -6359.3517
2979 -6359.9185
2980 -6359.9126
2981 -6359.9178
2982 -6359.9184
2983 -6359.9185
2984 -6360.1310
2985 -6358.4994
2986 -6360.2599
2987 -6360.2600
2988 -6360.2606
2989 -6360.2605
2990 -6360.2606
2991 -6360.5471
2992 -6359.4388
2993 -6360.5976
2994 -6360.5977
2995 -6360.5982
2996 -6360.5983
2997 -6360.5980
2998 -6360.5983
2999 -6360.8671
3000 -6359.8830
3001 -6360.9040
3002 -6360.9042
3003 -6360.9044
3004 -6360.9043
3005 -6360.9044
3006 -6361.0339
3007 -6359.5989
3008 -6361.1409
3009 -6361.1411
3010 -6361.1411
3011 -6361.1413
3012 -6361.1413
3013 -6361.2145
3014 -6359.9481
3015 -6361.3330
3016 -6361.3313
3017 -6361.3329
3018 -6361.3330
3019 -6361.5025
3020 -6360.7483
3021 -6361.5438
3022 -6361.5429
3023 -6361.5436
3024 -6361.5437
3025 -6361.7917
3026 -6361.4808
3027 -6361.7907
3028 -6361.7919
3029 -6361.7915
3030 -6361.7919
3031 -6362.0378
3032 -6361.8391
3033 -6362.0373
3034 -6362.0382
3035 -6362.0386
3036 -6362.0386
3037 -6362.0388
3038 -6362.0386
3039 -6362.0388
3040 -6362.2756
3041 -6362.0916
3042 -6362.2778
3043 -6362.2772
3044 -6362.2778
3045 -6362.4578
3046 -6362.1312
3047 -6362.4638
3048 -6362.4636
3049 -6362.4638
3050 -6362.4638
3051 -6362.6044
3052 -6362.0395
3053 -6362.6336
3054 -6362.6333
3055 -6362.6333
3056 -6362.6336
3057 -6362.6701
3058 -6361.5503
3059 -6362.7881
3060 -6362.7860
3061 -6362.7877
3062 -6362.7881
3063 -6362.5881
3064 -6362.9337
3065 -6362.9327
3066 -6362.9339
3067 -6362.9335
3068 -6362.9339
3069 -6362.4707
3070 -6363.0531
3071 -6363.0483
3072 -6363.0532
3073 -6362.6565
3074 -6363.1697
3075 -6363.1644
3076 -6363.1699
3077 -6363.1699
3078 -6363.1698
3079 -6363.1699
3080 -6362.6744
3081 -6363.2752
3082 -6363.2691
3083 -6363.2756
3084 -6363.2755
3085 -6363.2756
3086 -6362.8716
3087 -6363.3740
3088 -6363.3686
3089 -6363.3743
3090 -6363.3742
3091 -6363.3743
3092 -6362.9835
3093 -6363.4584
3094 -6363.4537
3095 -6363.4585
3096 -6363.4585
3097 -6363.4585
3098 -6363.4585
3099 -6363.2329
3100 -6363.5490
3101 -6363.5481
3102 -6363.5489
3103 -6363.5490
3104 -6363.5490
3105 -6363.3764
3106 -6363.6479
3107 -6363.6469
3108 -6363.6480
3109 -6363.5558
3110 -6363.7507
3111 -6363.7495
3112 -6363.7506
3113 -6363.7506
3114 -6363.7507
3115 -6363.6982
3116 -6363.8609
3117 -6363.8604
3118 -6363.8609
3119 -6363.8609
3120 -6363.8609
3121 -6363.8063
3122 -6363.9632
3123 -6363.9628
3124 -6363.9630
3125 -6363.9630
3126 -6363.9632
3127 -6363.8819
3128 -6364.0628
3129 -6364.0616
3130 -6364.0626
3131 -6364.0628
3132 -6363.9986
3133 -6364.1637
3134 -6364.1624
3135 -6364.1635
3136 -6364.1637
3137 -6364.1635
3138 -6364.1637
3139 -6364.0960
3140 -6364.2631
3141 -6364.2618
3142 -6364.2631
3143 -6364.2633
3144 -6364.2633
3145 -6364.2633
3146 -6364.2191
3147 -6364.3657
3148 -6364.3642
3149 -6364.3654
3150 -6364.3657
3151 -6364.3657
3152 -6364.3512
3153 -6364.4705
3154 -6364.4707
3155 -6364.4707
3156 -6364.4707
3157 -6364.4248
3158 -6364.5536
3159 -6364.5531
3160 -6364.5539
3161 -6364.5540
3162 -6364.5539
3163 -6364.5540
3164 -6364.4780
3165 -6364.6401
3166 -6364.6386
3167 -6364.6404
3168 -6364.6400
3169 -6364.6403
3170 -6364.6404
3171 -6364.5671
3172 -6364.7263
3173 -6364.7238
3174 -6364.7264
3175 -6364.7261
3176 -6364.7264
3177 -6364.7264
3178 -6364.6347
3179 -6364.8115
3180 -6364.8098
3181 -6364.8109
3182 -6364.8113
3183 -6364.8115
3184 -6364.6987
3185 -6364.8942
3186 -6364.8916
3187 -6364.8934
3188 -6364.8940
3189 -6364.8942
3190 -6364.8040
3191 -6364.9793
3192 -6364.9792
3193 -6364.9794
3194 -6364.9794
3195 -6364.9794
3196 -6364.9623
3197 -6365.0755
3198 -6365.0735
3199 -6365.0755
3200 -6365.0754
3201 -6365.0755
3202 -6365.0940
3203 -6364.4353
3204 -6365.1688
3205 -6365.1672
3206 -6365.1685
3207 -6365.1686
3208 -6365.1688
3209 -6365.2177
3210 -6364.6998
3211 -6365.2646
3212 -6365.2638
3213 -6365.2646
3214 -6365.2645
3215 -6365.2647
3216 -6365.2647
3217 -6365.2647
3218 -6365.2647
3219 -6365.2647
3220 -6365.3347
3221 -6364.9025
3222 -6365.3637
3223 -6365.3636
3224 -6365.3636
3225 -6365.3639
3226 -6365.3639
3227 -6365.3639
3228 -6365.4381
3229 -6365.0343
3230 -6365.4609
3231 -6365.4610
3232 -6365.4614
3233 -6365.4613
3234 -6365.4614
3235 -6365.5127
3236 -6365.0455
3237 -6365.5485
3238 -6365.5478
3239 -6365.5484
3240 -6365.5485
3241 -6365.5846
3242 -6364.9956
3243 -6365.6342
3244 -6365.6339
3245 -6365.6343
3246 -6365.6345
3247 -6365.6344
3248 -6365.6345
3249 -6365.6072
3250 -6365.7083
3251 -6365.7066
3252 -6365.7080
3253 -6365.7083
3254 -6365.5958
3255 -6365.7777
3256 -6365.7758
3257 -6365.7773
3258 -6365.7777
3259 -6365.5660
3260 -6365.8419
3261 -6365.8398
3262 -6365.8417
3263 -6365.8419
3264 -6365.6233
3265 -6365.9142
3266 -6365.9109
3267 -6365.9144
3268 -6365.9145
3269 -6365.9143
3270 -6365.9145
3271 -6365.6959
3272 -6365.9823
3273 -6365.9800
3274 -6365.9824
3275 -6365.9824
3276 -6365.9824
3277 -6365.8226
3278 -6366.0554
3279 -6365.9151
3280 -6366.1301
3281 -6366.1298
3282 -6366.1298
3283 -6366.1301
3284 -6366.1300
3285 -6366.1301
3286 -6365.9750
3287 -6366.2078
3288 -6366.2062
3289 -6366.2077
3290 -6366.2078
3291 -6366.0250
3292 -6366.2827
3293 -6366.2812
3294 -6366.2829
3295 -6366.2829
3296 -6366.2829
3297 -6366.0238
3298 -6366.3503
3299 -6366.3470
3300 -6366.3505
3301 -6366.3505
3302 -6366.3505
3303 -6365.9799
3304 -6366.4149
3305 -6366.4107
3306 -6366.4146
3307 -6366.4149
3308 -6366.0139
3309 -6366.4787
3310 -6366.4743
3311 -6366.4790
3312 -6366.4785
3313 -6366.4790
3314 -6366.0280
3315 -6366.5350
3316 -6366.5302
3317 -6366.5354
3318 -6366.0221
3319 -6366.5861
3320 -6366.5818
3321 -6366.5862
3322 -6366.0147
3323 -6366.6384
3324 -6366.6339
3325 -6366.6392
3326 -6366.6390
3327 -6366.0227
3328 -6366.6885
3329 -6366.6853
3330 -6366.6889
3331 -6366.6888
3332 -6366.6889
3333 -6365.9840
3334 -6366.7379
3335 -6366.7325
3336 -6366.7382
3337 -6366.7381
3338 -6366.7382
3339 -6365.8837
3340 -6366.7849
3341 -6366.7795
3342 -6366.7845
3343 -6366.7847
3344 -6366.7849
3345 -6365.9343
3346 -6366.8379
3347 -6366.8286
3348 -6366.8376
3349 -6366.8378
3350 -6366.8379
3351 -6366.0904
3352 -6366.8877
3353 -6366.8808
3354 -6366.8879
3355 -6366.8876
3356 -6366.8879
3357 -6366.2069
3358 -6366.9367
3359 -6366.9285
3360 -6366.9370
3361 -6366.9370
3362 -6366.9370
3363 -6366.2733
3364 -6366.9835
3365 -6366.9770
3366 -6366.9839
3367 -6366.9839
3368 -6366.9839
3369 -6366.2921
3370 -6367.0301
3371 -6367.0219
3372 -6367.0297
3373 -6367.0300
3374 -6367.0301
3375 -6366.3552
3376 -6367.0789
3377 -6367.0707
3378 -6367.0787
3379 -6367.0788
3380 -6367.0789
3381 -6366.4905
3382 -6367.1280
3383 -6367.1226
3384 -6367.1285
3385 -6367.1285
3386 -6367.1285
3387 -6366.5918
3388 -6367.1766
3389 -6367.1718
3390 -6367.1769
3391 -6367.1769
3392 -6367.1769
3393 -6367.1769
3394 -6367.1769
3395 -6366.6874
3396 -6367.2213
3397 -6367.2157
3398 -6367.2212
3399 -6367.2213
3400 -6367.2213
3401 -6366.7847
3402 -6367.2711
3403 -6367.2638
3404 -6367.2705
3405 -6367.2711
3406 -6367.2711
3407 -6366.8773
3408 -6367.3189
3409 -6367.3137
3410 -6367.3183
3411 -6367.3189
3412 -6367.3189
3413 -6366.9646
3414 -6367.3664
3415 -6367.3636
3416 -6367.3663
3417 -6367.3666
3418 -6367.3666
3419 -6367.3666
3420 -6367.0392
3421 -6367.4141
3422 -6367.4100
3423 -6367.4143
3424 -6367.4143
3425 -6367.4142
3426 -6367.4143
3427 -6367.0995
3428 -6367.4576
3429 -6367.4555
3430 -6367.4581
3431 -6367.4581
3432 -6367.4582
3433 -6367.4582
3434 -6367.4581
3435 -6367.4582
3436 -6367.1635
3437 -6367.5011
3438 -6367.5010
3439 -6367.5013
3440 -6367.5013
3441 -6367.5013
3442 -6367.5013
3443 -6367.5014
3444 -6367.2359
3445 -6367.5506
3446 -6367.5499
3447 -6367.5506
3448 -6367.5505
3449 -6367.5506
3450 -6367.2926
3451 -6367.5993
3452 -6367.5987
3453 -6367.5991
3454 -6367.5993
3455 -6367.5991
3456 -6367.5993
3457 -6367.3396
3458 -6367.6447
3459 -6367.6446
3460 -6367.6447
3461 -6367.6447
3462 -6367.6446
3463 -6367.6447
3464 -6367.3753
3465 -6367.6917
3466 -6367.6902
3467 -6367.6915
3468 -6367.6916
3469 -6367.6917
3470 -6367.3984
3471 -6367.7359
3472 -6367.7346
3473 -6367.7360
3474 -6367.7360
3475 -6367.7360
3476 -6367.4252
3477 -6367.7828
3478 -6367.4438
3479 -6367.8226
3480 -6367.8202
3481 -6367.8223
3482 -6367.8225
3483 -6367.8226
3484 -6367.4606
3485 -6367.8660
3486 -6367.8612
3487 -6367.8659
3488 -6367.8660
3489 -6367.8660
3490 -6367.4722
3491 -6367.9075
3492 -6367.9036
3493 -6367.9076
3494 -6367.9075
3495 -6367.9076
3496 -6367.4697
3497 -6367.9460
3498 -6367.9399
3499 -6367.9461
3500 -6367.9465
3501 -6367.9465
3502 -6367.9465
3503 -6367.4977
3504 -6367.9831
3505 -6367.9795
3506 -6367.9829
3507 -6367.9831
3508 -6367.9831
3509 -6367.5221
3510 -6368.0243
3511 -6368.0207
3512 -6368.0244
3513 -6368.0244
3514 -6368.0244
3515 -6367.5281
3516 -6368.0622
3517 -6367.5293
3518 -6368.0997
3519 -6368.0934
3520 -6368.0992
3521 -6368.0997
3522 -6367.5032
3523 -6368.1352
3524 -6368.1305
3525 -6368.1352
3526 -6368.1353
3527 -6368.1354
3528 -6368.1354
3529 -6368.1354
3530 -6367.4720
3531 -6368.1720
3532 -6368.1668
3533 -6368.1721
3534 -6368.1721
3535 -6368.1722
3536 -6368.1721
3537 -6368.1722
3538 -6367.4371
3539 -6368.2095
3540 -6368.1992
3541 -6368.2093
3542 -6368.2095
3543 -6368.2095
3544 -6367.3891
3545 -6368.2455
3546 -6368.2386
3547 -6368.2454
3548 -6368.2455
3549 -6368.2455
3550 -6368.2455
3551 -6367.2973
3552 -6368.2822
3553 -6368.2713
3554 -6368.2822
3555 -6368.2822
3556 -6368.2822
3557 -6367.3911
3558 -6368.3138
3559 -6368.3042
3560 -6368.3140
3561 -6368.3140
3562 -6368.3140
3563 -6368.3140
3564 -6368.3140
3565 -6367.4708
3566 -6368.3482
3567 -6368.3397
3568 -6368.3482
3569 -6368.3483
3570 -6368.3483
3571 -6368.3482
3572 -6368.3483
3573 -6365.3418
3574 -6368.7751
3575 -6368.7402
3576 -6368.7750
3577 -6368.7751
3578 -6368.7751
3579 -6365.1460
3580 -6369.1205
3581 -6369.0814
3582 -6369.1200
3583 -6369.1206
3584 -6369.1206
3585 -6369.1206
3586 -6369.1206
3587 -6369.1206
3588 -6365.2145
3589 -6369.3718
3590 -6366.8663
3591 -6369.6160
3592 -6369.5895
3593 -6369.6160
3594 -6369.6156
3595 -6369.6160
3596 -6369.6160
3597 -6368.2868
3598 -6369.8324
3599 -6369.8187
3600 -6369.8320
3601 -6369.8325
3602 -6369.8325
3603 -6369.8325
3604 -6369.2951
3605 -6370.0466
3606 -6370.0387
3607 -6370.0462
3608 -6370.0465
3609 -6370.0466
3610 -6369.6307
3611 -6370.2405
3612 -6370.2349
3613 -6370.2405
3614 -6370.2407
3615 -6369.6526
3616 -6370.3938
3617 -6370.3874
3618 -6370.3938
3619 -6370.3938
3620 -6370.3938
3621 -6370.3938
3622 -6369.6747
3623 -6370.5263
3624 -6370.5170
3625 -6370.5260
3626 -6370.5263
3627 -6370.5263
3628 -6370.5263
3629 -6369.6943
3630 -6370.6410
3631 -6370.6318
3632 -6370.6409
3633 -6370.6410
3634 -6370.6409
3635 -6370.6410
3636 -6369.5067
3637 -6370.7390
3638 -6370.7272
3639 -6370.7388
3640 -6370.7390
3641 -6369.3916
3642 -6370.8302
3643 -6370.8151
3644 -6370.8301
3645 -6370.8302
3646 -6370.8303
3647 -6369.5788
3648 -6370.9059
3649 -6370.8919
3650 -6370.9060
3651 -6370.9058
3652 -6370.9060
3653 -6370.1250
3654 -6370.9845
3655 -6370.9843
3656 -6370.9848
3657 -6370.9848
3658 -6370.9848
3659 -6370.9848
3660 -6370.2644
3661 -6371.0512
3662 -6371.0510
3663 -6371.0513
3664 -6371.0513
3665 -6371.0513
3666 -6370.4726
3667 -6371.1111
3668 -6370.7623
3669 -6371.1745
3670 -6371.1689
3671 -6371.1742
3672 -6371.1742
3673 -6371.1745
3674 -6371.1745
3675 -6371.1745
3676 -6370.9506
3677 -6371.2376
3678 -6371.2379
3679 -6371.2386
3680 -6371.2383
3681 -6371.2386
3682 -6370.9541
3683 -6371.2911
3684 -6371.1766
3685 -6371.3491
3686 -6371.3479
3687 -6371.3491
3688 -6371.3491
3689 -6371.3491
3690 -6371.2326
3691 -6371.4010
3692 -6371.4002
3693 -6371.4008
3694 -6371.4010
3695 -6371.4010
3696 -6371.2918
3697 -6371.4440
3698 -6371.4431
3699 -6371.4444
3700 -6371.4444
3701 -6371.4443
3702 -6371.4444
3703 -6371.4147
3704 -6371.4963
3705 -6371.4800
3706 -6371.5458
3707 -6371.5453
3708 -6371.5459
3709 -6371.5459
3710 -6371.5459
3711 -6371.5459
3712 -6371.5749
3713 -6371.2386
3714 -6371.6058
3715 -6371.6059
3716 -6371.6062
3717 -6371.6061
3718 -6371.6062
3719 -6371.6466
3720 -6371.3602
3721 -6371.6683
3722 -6371.6672
3723 -6371.6681
3724 -6371.6683
3725 -6371.7107
3726 -6371.3909
3727 -6371.7350
3728 -6371.7343
3729 -6371.7349
3730 -6371.7350
3731 -6371.7350
3732 -6371.8070
3733 -6371.5505
3734 -6371.8175
3735 -6371.8179
3736 -6371.8177
3737 -6371.8179
3738 -6371.9274
3739 -6371.7886
3740 -6371.9268
3741 -6371.9272
3742 -6371.9269
3743 -6372.0702
3744 -6372.0694
3745 -6372.0932
3746 -6372.0934
3747 -6372.0935
3748 -6372.0935
3749 -6372.0935
3750 -6372.0935
3751 -6372.2205
3752 -6372.1775
3753 -6372.2298
3754 -6372.2304
3755 -6372.2305
3756 -6372.2304
3757 -6372.2305
3758 -6372.3067
3759 -6372.1088
3760 -6372.3122
3761 -6372.3118
3762 -6372.3122
3763 -6372.3521
3764 -6371.9930
3765 -6372.3761
3766 -6372.3760
3767 -6372.3763
3768 -6372.3765
3769 -6372.3764
3770 -6372.3765
3771 -6372.3586
3772 -6372.4280
3773 -6372.4281
3774 -6372.4278
3775 -6372.4280
3776 -6372.3023
3777 -6372.4624
3778 -6372.4620
3779 -6372.4629
3780 -6372.4629
3781 -6372.4629
3782 -6372.2321
3783 -6372.5003
3784 -6372.4986
3785 -6372.5004
3786 -6372.1596
3787 -6372.5382
3788 -6372.5359
3789 -6372.5377
3790 -6372.5382
3791 -6372.5382
3792 -6372.5382
3793 -6372.5382
3794 -6372.2320
3795 -6372.5792
3796 -6372.5759
3797 -6372.5793
3798 -6372.5793
3799 -6372.5793
3800 -6372.5793
3801 -6372.2830
3802 -6372.6181
3803 -6372.6144
3804 -6372.6180
3805 -6372.6181
3806 -6372.3370
3807 -6372.6588
3808 -6372.6588
3809 -6372.6588
3810 -6372.6589
3811 -6372.4418
3812 -6372.7001
3813 -6372.5105
3814 -6372.7395
3815 -6372.5522
3816 -6372.7787
3817 -6372.7790
3818 -6372.7790
3819 -6372.7788
3820 -6372.7790
3821 -6372.5811
3822 -6372.8210
3823 -6372.8206
3824 -6372.8207
3825 -6372.8210
3826 -6372.8210
3827 -6372.8210
3828 -6372.8209
3829 -6372.8210
3830 -6372.5713
3831 -6372.8591
3832 -6372.8587
3833 -6372.8591
3834 -6372.8591
3835 -6372.8591
3836 -6372.8591
3837 -6372.5890
3838 -6372.8954
3839 -6372.8953
3840 -6372.8953
3841 -6372.8954
3842 -6372.8954
3843 -6372.8954
3844 -6372.6035
3845 -6372.9335
3846 -6372.9328
3847 -6372.9336
3848 -6372.9336
3849 -6372.9336
3850 -6372.6485
3851 -6372.9694
3852 -6372.9676
3853 -6372.9700
3854 -6372.9697
3855 -6372.9700
3856 -6372.6737
3857 -6373.0045
3858 -6373.0030
3859 -6373.0051
3860 -6373.0049
3861 -6373.0051
3862 -6372.6793
3863 -6373.0420
3864 -6373.0375
3865 -6373.0421
3866 -6373.0421
3867 -6373.0421
3868 -6372.6688
3869 -6373.0720
3870 -6373.0681
3871 -6373.0720
3872 -6373.0722
3873 -6373.0722
3874 -6373.0720
3875 -6373.0722
3876 -6372.6836
3877 -6373.0999
3878 -6373.0981
3879 -6373.0998
3880 -6373.1000
3881 -6373.1000
3882 -6373.1000
3883 -6372.6978
3884 -6373.1292
3885 -6373.1244
3886 -6373.1290
3887 -6373.1290
3888 -6373.1292
3889 -6372.7249
3890 -6373.1561
3891 -6373.1523
3892 -6373.1565
3893 -6373.1565
3894 -6373.1565
3895 -6372.7594
3896 -6373.1811
3897 -6373.1771
3898 -6373.1807
3899 -6373.1811
3900 -6373.1811
3901 -6372.8138
3902 -6373.2093
3903 -6373.2068
3904 -6373.2100
3905 -6373.2100
3906 -6373.2100
3907 -6373.2100
3908 -6373.2100
3909 -6372.8648
3910 -6373.2366
3911 -6373.2313
3912 -6373.2367
3913 -6373.2366
3914 -6373.2367
3915 -6372.9141
3916 -6373.2623
3917 -6373.2591
3918 -6373.2624
3919 -6373.2622
3920 -6373.2624
3921 -6372.9521
3922 -6373.2899
3923 -6373.2867
3924 -6373.2897
3925 -6373.2899
3926 -6373.2898
3927 -6373.2899
3928 -6372.9894
3929 -6373.3191
3930 -6373.3160
3931 -6373.3191
3932 -6373.3192
3933 -6373.3192
3934 -6373.3193
3935 -6373.3192
3936 -6373.3193
3937 -6373.0139
3938 -6373.3467
3939 -6373.3427
3940 -6373.3466
3941 -6373.3467
3942 -6373.3467
3943 -6373.3467
3944 -6373.3467
3945 -6373.0370
3946 -6373.3749
3947 -6373.3708
3948 -6373.3749
3949 -6373.3750
3950 -6373.3750
3951 -6373.3749
3952 -6373.3750
3953 -6373.0451
3954 -6373.3992
3955 -6373.3946
3956 -6373.3987
3957 -6373.3992
3958 -6373.3992
3959 -6373.0594
3960 -6373.4232
3961 -6373.4192
3962 -6373.4229
3963 -6373.4231
3964 -6373.4232
3965 -6373.0709
3966 -6373.4481
3967 -6373.4445
3968 -6373.4482
3969 -6373.4482
3970 -6373.4482
3971 -6373.4482
3972 -6373.0822
3973 -6373.4724
3974 -6373.4683
3975 -6373.4723
3976 -6373.4724
3977 -6373.4724
3978 -6373.0961
3979 -6373.4972
3980 -6373.4935
3981 -6373.4970
3982 -6373.4971
3983 -6373.4972
3984 -6373.1039
3985 -6373.5226
3986 -6373.5186
3987 -6373.5226
3988 -6373.5226
3989 -6373.1287
3990 -6373.5456
3991 -6373.5405
3992 -6373.5448
3993 -6373.5454
3994 -6373.5457
3995 -6373.5457
3996 -6373.5457
3997 -6373.1682
3998 -6373.5689
3999 -6373.5688
4000 -6373.5691
4001 -6373.5690
4002 -6373.5691
4003 -6373.1989
4004 -6373.5956
4005 -6373.5953
4006 -6373.5958
4007 -6373.2097
4008 -6373.6244
4009 -6373.6236
4010 -6373.6243
4011 -6373.6244
4012 -6373.2048
4013 -6373.6524
4014 -6373.6519
4015 -6373.6524
4016 -6373.6524
4017 -6373.6524
4018 -6373.1827
4019 -6373.6778
4020 -6373.6781
4021 -6373.6778
4022 -6373.6781
4023 -6373.1396
4024 -6373.7090
4025 -6373.7084
4026 -6373.7092
4027 -6373.7092
4028 -6373.7092
4029 -6372.9948
4030 -6373.7344
4031 -6372.8043
4032 -6373.7584
4033 -6372.5409
4034 -6373.7806
4035 -6373.7694
4036 -6373.7805
4037 -6373.7806
4038 -6373.7808
4039 -6373.7808
4040 -6373.7808
4041 -6372.1629
4042 -6373.8046
4043 -6373.7894
4044 -6373.8051
4045 -6373.8051
4046 -6373.8049
4047 -6373.8051
4048 -6371.5647
4049 -6373.8258
4050 -6373.8255
4051 -6373.8258
4052 -6371.3679
4053 -6373.8423
4054 -6373.8431
4055 -6373.8427
4056 -6373.8430
4057 -6373.8431
4058 -6371.7157
4059 -6373.8651
4060 -6373.8653
4061 -6373.8650
4062 -6373.8653
4063 -6372.3221
4064 -6373.8901
4065 -6372.8199
4066 -6373.9133
4067 -6373.1037
4068 -6373.9379
4069 -6373.2597
4070 -6373.9614
4071 -6373.9546
4072 -6373.9617
4073 -6373.9618
4074 -6373.9617
4075 -6373.9618
4076 -6373.3352
4077 -6373.9841
4078 -6373.9838
4079 -6373.9842
4080 -6373.9842
4081 -6373.9842
4082 -6373.9841
4083 -6373.9842
4084 -6373.3786
4085 -6374.0049
4086 -6374.0042
4087 -6374.0046
4088 -6374.0049
4089 -6374.0049
4090 -6373.3799
4091 -6374.0285
4092 -6374.0279
4093 -6374.0287
4094 -6374.0287
4095 -6374.0287
4096 -6374.0287
4097 -6373.3648
4098 -6374.0520
4099 -6374.0518
4100 -6374.0518
4101 -6374.0520
4102 -6374.0521
4103 -6374.0520
4104 -6374.0521
4105 -6373.3188
4106 -6374.0763
4107 -6374.0761
4108 -6374.0762
4109 -6374.0763
4110 -6374.0763
4111 -6373.2178
4112 -6374.0992
4113 -6374.0984
4114 -6374.0993
4115 -6374.0993
4116 -6374.0994
4117 -6374.0993
4118 -6374.0994
4119 -6373.0448
4120 -6374.1234
4121 -6374.1223
4122 -6374.1233
4123 -6374.1234
4124 -6374.1234
4125 -6372.7826
4126 -6374.1449
4127 -6374.1326
4128 -6374.1447
4129 -6374.1449
4130 -6374.1449
4131 -6374.1449
4132 -6372.5511
4133 -6374.1684
4134 -6374.1517
4135 -6374.1686
4136 -6374.1686
4137 -6374.1686
4138 -6372.7163
4139 -6374.1857
4140 -6374.1710
4141 -6374.1858
4142 -6374.1859
4143 -6374.1856
4144 -6374.1859
4145 -6369.0369
4146 -6374.4268
4147 -6374.3742
4148 -6374.4264
4149 -6374.4267
4150 -6374.4268
4151 -6371.2428
4152 -6374.6033
4153 -6374.5717
4154 -6374.6031
4155 -6374.6032
4156 -6371.8234
4157 -6374.7190
4158 -6374.6915
4159 -6374.7182
4160 -6374.7190
4161 -6372.1590
4162 -6374.8315
4163 -6374.8041
4164 -6374.8314
4165 -6374.8313
4166 -6374.8315
4167 -6374.8315
4168 -6373.1202
4169 -6374.9323
4170 -6374.9144
4171 -6374.9320
4172 -6374.9326
4173 -6373.7267
4174 -6375.0193
4175 -6375.0059
4176 -6375.0189
4177 -6375.0194
4178 -6375.0193
4179 -6375.0194
4180 -6374.0591
4181 -6375.0877
4182 -6375.0772
4183 -6375.0880
4184 -6375.0881
4185 -6375.0881
4186 -6375.0880
4187 -6375.0881
4188 -6374.4520
4189 -6375.1532
4190 -6375.1467
4191 -6375.1538
4192 -6375.1538
4193 -6375.1538
4194 -6374.5951
4195 -6375.2159
4196 -6374.3682
4197 -6375.2651
4198 -6374.5843
4199 -6375.3143
4200 -6375.3145
4201 -6375.3148
4202 -6375.3144
4203 -6375.3148
4204 -6374.4692
4205 -6375.3560
4206 -6375.3559
4207 -6375.3562
4208 -6375.3563
4209 -6375.3563
4210 -6375.3563
4211 -6374.5317
4212 -6375.3966
4213 -6375.3958
4214 -6375.3965
4215 -6375.3966
4216 -6375.3966
4217 -6374.5041
4218 -6375.4353
4219 -6375.4342
4220 -6375.4352
4221 -6375.4353
4222 -6375.4353
4223 -6374.1825
4224 -6375.4670
4225 -6375.4558
4226 -6375.4673
4227 -6375.4674
4228 -6375.4672
4229 -6375.4674
4230 -6374.1742
4231 -6375.4980
4232 -6375.4841
4233 -6375.4979
4234 -6375.4979
4235 -6375.4980
4236 -6375.4980
4237 -6373.7280
4238 -6375.5265
4239 -6375.5082
4240 -6375.5256
4241 -6375.5263
4242 -6375.5265
4243 -6375.5265
4244 -6375.5266
4245 -6374.1890
4246 -6375.5531
4247 -6375.5384
4248 -6375.5528
4249 -6375.5531
4250 -6375.5531
4251 -6375.5531
4252 -6375.5531
4253 -6375.5530
4254 -6375.5531
4255 -6374.2826
4256 -6375.5735
4257 -6375.5582
4258 -6375.5723
4259 -6375.5733
4260 -6375.5735
4261 -6375.5735
4262 -6375.5735
4263 -6375.5735
4264 -6374.3552
4265 -6375.5935
4266 -6374.5612
4267 -6375.6153
4268 -6374.8850
4269 -6375.6398
4270 -6375.6332
4271 -6375.6397
4272 -6375.6398
4273 -6375.6398
4274 -6375.6398
4275 -6374.4129
4276 -6375.6616
4277 -6374.2205
4278 -6375.6815
4279 -6375.6815
4280 -6375.6814
4281 -6375.6815
4282 -6374.3094
4283 -6375.6978
4284 -6375.6837
4285 -6375.6979
4286 -6375.6976
4287 -6375.6979
4288 -6375.0191
4289 -6375.7177
4290 -6375.7097
4291 -6375.7178
4292 -6375.7177
4293 -6375.7178
4294 -6375.1609
4295 -6375.7387
4296 -6375.7387
4297 -6375.7391
4298 -6375.7390
4299 -6375.7391
4300 -6375.2762
4301 -6375.7637
4302 -6375.7639
4303 -6375.7639
4304 -6375.7639
4305 -6375.3132
4306 -6375.7849
4307 -6375.7849
4308 -6375.7850
4309 -6375.7850
4310 -6375.7850
4311 -6375.7850
4312 -6375.4431
4313 -6375.8051
4314 -6375.8039
4315 -6375.8047
4316 -6375.8051
4317 -6375.8051
4318 -6375.5427
4319 -6375.8285
4320 -6375.8281
4321 -6375.8285
4322 -6375.8285
4323 -6375.8285
4324 -6375.6105
4325 -6375.8489
4326 -6375.8464
4327 -6375.8489
4328 -6375.8489
4329 -6375.8489
4330 -6375.8489
4331 -6375.8489
4332 -6375.6754
4333 -6375.8693
4334 -6375.8692
4335 -6375.8691
4336 -6375.8693
4337 -6375.8693
4338 -6375.8693
4339 -6375.7265
4340 -6375.8925
4341 -6375.8919
4342 -6375.8929
4343 -6375.8929
4344 -6375.8929
4345 -6375.7597
4346 -6375.9144
4347 -6375.9133
4348 -6375.9146
4349 -6375.9146
4350 -6375.7721
4351 -6375.9359
4352 -6375.9340
4353 -6375.9357
4354 -6375.9359
4355 -6375.7456
4356 -6375.9539
4357 -6375.9529
4358 -6375.9547
4359 -6375.9545
4360 -6375.9547
4361 -6375.6974
4362 -6375.9710
4363 -6375.9695
4364 -6375.9714
4365 -6375.9714
4366 -6375.9716
4367 -6375.5186
4368 -6375.9832
4369 -6375.9797
4370 -6375.9831
4371 -6375.9830
4372 -6375.9832
4373 -6375.2818
4374 -6375.9975
4375 -6375.9909
4376 -6375.9974
4377 -6375.9977
4378 -6375.9977
4379 -6375.9977
4380 -6375.9977
4381 -6375.3270
4382 -6376.0076
4383 -6376.0009
4384 -6376.0071
4385 -6376.0075
4386 -6376.0076
4387 -6375.2953
4388 -6376.0205
4389 -6376.0159
4390 -6376.0205
4391 -6376.0204
4392 -6376.0205
4393 -6375.4419
4394 -6376.0352
4395 -6375.2987
4396 -6376.0463
4397 -6376.0403
4398 -6376.0465
4399 -6376.0464
4400 -6376.0465
4401 -6375.3067
4402 -6376.0578
4403 -6376.0492
4404 -6376.0582
4405 -6376.0582
4406 -6376.0582
4407 -6375.1108
4408 -6376.0670
4409 -6376.0667
4410 -6376.0667
4411 -6376.0670
4412 -6375.0864
4413 -6376.0788
4414 -6376.0789
4415 -6376.0788
4416 -6376.0789
4417 -6375.0582
4418 -6376.0877
4419 -6376.0881
4420 -6376.0882
4421 -6376.0883
4422 -6376.0883
4423 -6376.0883
4424 -6375.3297
4425 -6376.1017
4426 -6376.1005
4427 -6376.1017
4428 -6376.1017
4429 -6376.1017
4430 -6375.3281
4431 -6376.1129
4432 -6376.1044
4433 -6376.1128
4434 -6376.1128
4435 -6376.1129
4436 -6375.2563
4437 -6376.1239
4438 -6376.1158
4439 -6376.1239
4440 -6376.1239
4441 -6376.1238
4442 -6376.1239
4443 -6375.1638
4444 -6376.1345
4445 -6376.1347
4446 -6376.1346
4447 -6376.1347
4448 -6375.0757
4449 -6376.1475
4450 -6376.1476
4451 -6376.1475
4452 -6376.1476
4453 -6375.0201
4454 -6376.1592
4455 -6376.1591
4456 -6376.1592
4457 -6375.2994
4458 -6376.1688
4459 -6376.1687
4460 -6376.1690
4461 -6376.1691
4462 -6375.3226
4463 -6376.1814
4464 -6376.1718
4465 -6376.1817
4466 -6376.1813
4467 -6376.1817
4468 -6375.5264
4469 -6376.1942
4470 -6376.1868
4471 -6376.1942
4472 -6376.1941
4473 -6376.1942
4474 -6376.1942
4475 -6376.1941
4476 -6376.1942
4477 -6375.3792
4478 -6376.2065
4479 -6376.1980
4480 -6376.2066
4481 -6376.2065
4482 -6376.2066
4483 -6375.5774
4484 -6376.2195
4485 -6376.2122
4486 -6376.2186
4487 -6376.2193
4488 -6376.2195
4489 -6375.5060
4490 -6376.2333
4491 -6376.2275
4492 -6376.2326
4493 -6376.2333
4494 -6376.2333
4495 -6376.2333
4496 -6375.6121
4497 -6376.2487
4498 -6376.2403
4499 -6376.2489
4500 -6376.2488
4501 -6376.2489
4502 -6375.6999
4503 -6376.2621
4504 -6376.2554
4505 -6376.2618
4506 -6376.2618
4507 -6376.2621
4508 -6375.5884
4509 -6376.2761
4510 -6376.2680
4511 -6376.2758
4512 -6376.2762
4513 -6375.6684
4514 -6376.2917
4515 -6376.2838
4516 -6376.2919
4517 -6376.2919
4518 -6376.2919
4519 -6375.7991
4520 -6376.3060
4521 -6376.3010
4522 -6376.3063
4523 -6376.3063
4524 -6376.3063
4525 -6375.6996
4526 -6376.3211
4527 -6375.6294
4528 -6376.3342
4529 -6375.6939
4530 -6376.3494
4531 -6376.3448
4532 -6376.3498
4533 -6376.3496
4534 -6376.3498
4535 -6375.7412
4536 -6376.3667
4537 -6375.6300
4538 -6376.3826
4539 -6375.6512
4540 -6376.3965
4541 -6376.3882
4542 -6376.3963
4543 -6376.3965
4544 -6376.3966
4545 -6376.3965
4546 -6376.3966
4547 -6375.5434
4548 -6376.4104
4549 -6375.6751
4550 -6376.4278
4551 -6376.4276
4552 -6376.4277
4553 -6376.4279
4554 -6375.6648
4555 -6376.4442
4556 -6376.4449
4557 -6376.4448
4558 -6376.4449
4559 -6375.5702
4560 -6376.4633
4561 -6376.4629
4562 -6376.4632
4563 -6376.4633
4564 -6376.4633
4565 -6376.4633
4566 -6376.4633
4567 -6376.4633
4568 -6375.7523
4569 -6376.4853
4570 -6376.4845
4571 -6376.4853
4572 -6376.4853
4573 -6376.4853
4574 -6376.4853
4575 -6375.7185
4576 -6376.5012
4577 -6375.6021
4578 -6376.5187
4579 -6375.6807
4580 -6376.5356
4581 -6376.5352
4582 -6376.5355
4583 -6376.5355
4584 -6376.5356
4585 -6375.7985
4586 -6376.5538
4587 -6376.5535
4588 -6376.5538
4589 -6376.5538
4590 -6376.5538
4591 -6375.9191
4592 -6376.5708
4593 -6375.9928
4594 -6376.5858
4595 -6376.1201
4596 -6376.6014
4597 -6376.6014
4598 -6376.6017
4599 -6376.6017
4600 -6376.1622
4601 -6376.6173
4602 -6376.6171
4603 -6376.6173
4604 -6376.6172
4605 -6376.6173
4606 -6376.2706
4607 -6376.6323
4608 -6376.6323
4609 -6376.6325
4610 -6376.6325
4611 -6376.6325
4612 -6376.6325
4613 -6376.2769
4614 -6376.6477
4615 -6376.6470
4616 -6376.6474
4617 -6376.6477
4618 -6376.6477
4619 -6376.3654
4620 -6376.6624
4621 -6376.6624
4622 -6376.6623
4623 -6376.6624
4624 -6376.6624
4625 -6376.4221
4626 -6376.6775
4627 -6376.6773
4628 -6376.6775
4629 -6376.6775
4630 -6376.6775
4631 -6376.4591
4632 -6376.6922
4633 -6376.6915
4634 -6376.6922
4635 -6376.6922
4636 -6376.6922
4637 -6376.4956
4638 -6376.7069
4639 -6376.7066
4640 -6376.7063
4641 -6376.7071
4642 -6376.7068
4643 -6376.5344
4644 -6376.7237
4645 -6376.7218
4646 -6376.7237
4647 -6376.7237
4648 -6376.7237
4649 -6376.5591
4650 -6376.7371
4651 -6376.7348
4652 -6376.7371
4653 -6376.7371
4654 -6376.5682
4655 -6376.7525
4656 -6376.5981
4657 -6376.7663
4658 -6376.7642
4659 -6376.7661
4660 -6376.7664
4661 -6376.7664
4662 -6376.7663
4663 -6376.7664
4664 -6376.6289
4665 -6376.7810
4666 -6376.7808
4667 -6376.7811
4668 -6376.7810
4669 -6376.7811
4670 -6376.6306
4671 -6376.7942
4672 -6376.7942
4673 -6376.7942
4674 -6376.7942
4675 -6376.7942
4676 -6376.6705
4677 -6376.8086
4678 -6376.8085
4679 -6376.8086
4680 -6376.8087
4681 -6376.8087
4682 -6376.8087
4683 -6376.6774
4684 -6376.8239
4685 -6376.8238
4686 -6376.8238
4687 -6376.8239
4688 -6376.8239
4689 -6376.7231
4690 -6376.8385
4691 -6376.7553
4692 -6376.8548
4693 -6376.8538
4694 -6376.8545
4695 -6376.8548
4696 -6376.8548
4697 -6376.8548
4698 -6322.4337
4699 -6376.5082
4700 -6376.8700
4701 -6376.8682
4702 -6376.8702
4703 -6376.8698
4704 -6357.1302
4705 -6376.7827
4706 -6376.8845
4707 -6376.8843
4708 -6376.8845
4709 -6376.8845
4710 -6376.8845
4711 -6376.8845
4712 -6371.7840
4713 -6376.8876
4714 -6376.8990
4715 -6376.8990
4716 -6376.8990
4717 -6376.8990
4718 -6376.8990
4719 -6376.8990
4720 -6372.6256
4721 -6376.9057
4722 -6376.9131
4723 -6376.9131
4724 -6376.9132
4725 -6376.9133
4726 -6376.9133
4727 -6376.9133
4728 -6371.9690
4729 -6376.9201
4730 -6376.9319
4731 -6376.9310
4732 -6376.9318
4733 -6376.9319
4734 -6373.2062
4735 -6376.9377
4736 -6376.9446
4737 -6376.9443
4738 -6376.9445
4739 -6376.9445
4740 -6376.9446
4741 -6374.0348
4742 -6376.9540
4743 -6376.9582
4744 -6376.9580
4745 -6376.9582
4746 -6376.9582
4747 -6374.7509
4748 -6376.9694
4749 -6376.9714
4750 -6376.9710
4751 -6376.9714
4752 -6376.9714
4753 -6376.9714
4754 -6375.4274
4755 -6376.9836
4756 -6376.9841
4757 -6376.9841
4758 -6376.9842
4759 -6376.9842
4760 -6376.9842
4761 -6375.7083
4762 -6376.9968
4763 -6376.9974
4764 -6376.9972
4765 -6376.9974
4766 -6376.9974
4767 -6376.9974
4768 -6376.9974
4769 -6376.1147
4770 -6377.0101
4771 -6377.0000
4772 -6377.0103
4773 -6377.0105
4774 -6377.0107
4775 -6377.0104
4776 -6377.0107
4777 -6376.4230
4778 -6377.0234
4779 -6377.0158
4780 -6377.0233
4781 -6377.0234
4782 -6377.0234
4783 -6377.0234
4784 -6376.5423
4785 -6377.0355
4786 -6377.0290
4787 -6377.0347
4788 -6377.0355
4789 -6377.0355
4790 -6377.0355
4791 -6376.7127
4792 -6377.0463
4793 -6377.0433
4794 -6377.0467
4795 -6377.0467
4796 -6377.0467
4797 -6376.8530
4798 -6377.0624
4799 -6377.0614
4800 -6377.0624
4801 -6377.0625
4802 -6377.0625
4803 -6377.0625
4804 -6377.0625
4805 -6377.0625
4806 -6376.9437
4807 -6377.0799
4808 -6377.0775
4809 -6377.0799
4810 -6377.0799
4811 -6377.0799
4812 -6377.0799
4813 -6377.0243
4814 -6377.0995
4815 -6377.0981
4816 -6377.0993
4817 -6377.0995
4818 -6377.1010
4819 -6376.8487
4820 -6377.1293
4821 -6377.1289
4822 -6377.1291
4823 -6377.1293
4824 -6377.1293
4825 -6377.1510
4826 -6376.9738
4827 -6377.1632
4828 -6377.1631
4829 -6377.1631
4830 -6377.1632
4831 -6377.1631
4832 -6377.1632
4833 -6377.1907
4834 -6377.0459
4835 -6377.1981
4836 -6377.1990
4837 -6377.1990
4838 -6377.1990
4839 -6377.2232
4840 -6377.0934
4841 -6377.2319
4842 -6377.2311
4843 -6377.2317
4844 -6377.2319
4845 -6377.2526
4846 -6377.1141
4847 -6377.2616
4848 -6377.2618
4849 -6377.2618
4850 -6377.2618
4851 -6377.2867
4852 -6377.1703
4853 -6377.2931
4854 -6377.2927
4855 -6377.2930
4856 -6377.2931
4857 -6377.3282
4858 -6377.2478
4859 -6377.3290
4860 -6377.3287
4861 -6377.3288
4862 -6377.3290
4863 -6377.3750
4864 -6377.3493
4865 -6377.3759
4866 -6377.3757
4867 -6377.3761
4868 -6374.1440
4869 -6377.4613
4870 -6377.4279
4871 -6377.4610
4872 -6377.4614
4873 -6377.4614
4874 -6377.4614
4875 -6377.4413
4876 -6377.6148
4877 -6377.6140
4878 -6377.6147
4879 -6377.6148
4880 -6377.8097
4881 -6377.2708
4882 -6377.8281
4883 -6378.1616
4884 -6378.2271
4885 -6378.0147
4886 -6378.2308
4887 -6378.2307
4888 -6378.2309
4889 -6378.2309
4890 -6378.6664
4891 -6378.8474
4892 -6378.7526
4893 -6378.8472
4894 -6378.8439
4895 -6379.3061
4896 -6379.6001
4897 -6379.6892
4898 -6379.5246
4899 -6379.6839
4900 -6379.6837
4901 -6379.6835
4902 -6380.0329
4903 -6380.1045
4904 -6379.7975
4905 -6380.1161
4906 -6380.1160
4907 -6380.1161
4908 -6380.2970
4909 -6379.7578
4910 -6380.3130
4911 -6380.3133
4912 -6380.3136
4913 -6380.3136
4914 -6380.3136
4915 -6380.4554
4916 -6379.8127
4917 -6380.4940
4918 -6380.4942
4919 -6380.4945
4920 -6380.4945
4921 -6380.4945
4922 -6380.4945
4923 -6380.4945
4924 -6380.4944
4925 -6380.4945
4926 -6380.5785
4927 -6379.6616
4928 -6380.6675
4929 -6380.6664
4930 -6380.6676
4931 -6380.6676
4932 -6380.6676
4933 -6380.6676
4934 -6380.6676
4935 -6380.7609
4936 -6379.6630
4937 -6380.8716
4938 -6380.7818
4939 -6381.0452
4940 -6380.9268
4941 -6381.2152
4942 -6381.2128
4943 -6381.2151
4944 -6381.2152
4945 -6381.2152
4946 -6381.1599
4947 -6381.3982
4948 -6381.3961
4949 -6381.3981
4950 -6381.3982
4951 -6381.3489
4952 -6381.5711
4953 -6381.5693
4954 -6381.5712
4955 -6381.5712
4956 -6381.5712
4957 -6381.5125
4958 -6381.7433
4959 -6381.7409
4960 -6381.7431
4961 -6381.7433
4962 -6381.7433
4963 -6381.3992
4964 -6381.8760
4965 -6381.8711
4966 -6381.8758
4967 -6381.8760
4968 -6381.8760
4969 -6381.2456
4970 -6382.0013
4971 -6381.9948
4972 -6382.0015
4973 -6382.0015
4974 -6382.0014
4975 -6382.0015
4976 -6381.1123
4977 -6382.1195
4978 -6382.1107
4979 -6382.1197
4980 -6382.1197
4981 -6382.1196
4982 -6382.1197
4983 -6381.4561
4984 -6382.2215
4985 -6382.2140
4986 -6382.2213
4987 -6382.2214
4988 -6382.2215
4989 -6381.7275
4990 -6382.3159
4991 -6382.3103
4992 -6382.3157
4993 -6382.3159
4994 -6382.3159
4995 -6382.3159
4996 -6381.8727
4997 -6382.3966
4998 -6382.3927
4999 -6382.3964
5000 -6382.3966
5000 -6382.3966
10000 -5170.0207
15000 -5111.1754
20000 -5155.1169
25000 -5112.8664
30000 -5106.3003
35000 -5163.8559
40000 -5073.9669
45000 -5120.7976
50000 -5076.8105
55000 -5072.4229

